id,word
1,silence
2,silence
3,silence
4,silence
5,silence
6,silence
7,silence
8,silence
9,silence
10,silence
11,silence
12,silence
13,silence
14,silence
15,silence
16,silence
17,silence
18,silence
19,silence
20,silence
21,silence
22,silence
23,silence
24,silence
25,silence
26,silence
27,silence
28,silence
29,silence
30,silence
31,silence
32,silence
33,silence
34,silence
35,silence
36,silence
37,silence
38,silence
39,silence
40,silence
41,silence
42,silence
43,silence
44,silence
45,silence
46,silence
47,silence
48,silence
49,silence
50,silence
51,silence
52,silence
53,silence
54,silence
55,silence
56,silence
57,silence
58,silence
59,silence
60,silence
61,silence
62,silence
63,silence
64,silence
65,silence
66,silence
67,silence
68,silence
69,silence
70,silence
71,silence
72,silence
73,silence
74,silence
75,silence
76,silence
77,silence
78,silence
79,silence
80,silence
81,silence
82,silence
83,silence
84,silence
85,silence
86,silence
87,silence
88,silence
89,silence
90,silence
91,silence
92,silence
93,silence
94,silence
95,silence
96,silence
97,silence
98,silence
99,silence
100,silence
101,silence
102,silence
103,silence
104,silence
105,silence
106,silence
107,silence
108,silence
109,silence
110,silence
111,silence
112,silence
113,silence
114,silence
115,silence
116,silence
117,silence
118,silence
119,silence
120,silence
121,silence
122,silence
123,silence
124,silence
125,silence
126,silence
127,silence
128,silence
129,silence
130,silence
131,silence
132,silence
133,silence
134,silence
135,silence
136,silence
137,silence
138,silence
139,silence
140,silence
141,silence
142,silence
143,silence
144,silence
145,silence
146,silence
147,silence
148,silence
149,silence
150,silence
151,silence
152,silence
153,silence
154,silence
155,silence
156,silence
157,silence
158,silence
159,silence
160,silence
161,silence
162,silence
163,silence
164,silence
165,silence
166,silence
167,silence
168,silence
169,silence
170,silence
171,silence
172,silence
173,silence
174,silence
175,silence
176,silence
177,silence
178,silence
179,silence
180,silence
181,silence
182,silence
183,silence
184,silence
185,silence
186,silence
187,silence
188,silence
189,silence
190,silence
191,silence
192,silence
193,silence
194,silence
195,silence
196,silence
197,silence
198,silence
199,silence
200,silence
201,silence
202,silence
203,silence
204,silence
205,silence
206,silence
207,silence
208,silence
209,silence
210,silence
211,silence
212,silence
213,silence
214,silence
215,silence
216,silence
217,silence
218,silence
219,silence
220,silence
221,silence
222,silence
223,silence
224,silence
225,silence
226,silence
227,silence
228,silence
229,silence
230,silence
231,silence
232,silence
233,silence
234,silence
235,silence
236,silence
237,silence
238,silence
239,silence
240,silence
241,silence
242,silence
243,silence
244,silence
245,silence
246,silence
247,silence
248,silence
249,silence
250,silence
251,silence
252,silence
253,silence
254,silence
255,silence
256,silence
257,silence
258,silence
259,silence
260,silence
261,silence
262,silence
263,silence
264,silence
265,silence
266,silence
267,silence
268,silence
269,silence
270,silence
271,silence
272,silence
273,silence
274,silence
275,silence
276,silence
277,silence
278,silence
279,silence
280,silence
281,silence
282,silence
283,silence
284,silence
285,silence
286,silence
287,silence
288,silence
289,silence
290,silence
291,silence
292,silence
293,silence
294,silence
295,silence
296,silence
297,silence
298,silence
299,silence
300,silence
301,silence
302,silence
303,silence
304,silence
305,silence
306,silence
307,silence
308,silence
309,silence
310,silence
311,silence
312,silence
313,silence
314,silence
315,silence
316,silence
317,silence
318,silence
319,silence
320,silence
321,silence
322,silence
323,silence
324,silence
325,silence
326,silence
327,silence
328,silence
329,silence
330,silence
331,silence
332,silence
333,silence
334,silence
335,silence
336,silence
337,silence
338,silence
339,silence
340,silence
341,silence
342,silence
343,silence
344,silence
345,silence
346,silence
347,silence
348,silence
349,silence
350,silence
351,silence
352,silence
353,silence
354,silence
355,silence
356,silence
357,silence
358,silence
359,silence
360,silence
361,silence
362,silence
363,silence
364,silence
365,silence
366,silence
367,silence
368,silence
369,silence
370,silence
371,silence
372,silence
373,silence
374,silence
375,silence
376,silence
377,silence
378,silence
379,silence
380,silence
381,silence
382,silence
383,silence
384,silence
385,silence
386,silence
387,silence
388,silence
389,silence
390,silence
391,silence
392,silence
393,silence
394,silence
395,silence
396,silence
397,silence
398,silence
399,silence
400,silence
401,silence
402,silence
403,silence
404,silence
405,silence
406,silence
407,silence
408,silence
409,silence
410,silence
411,silence
412,silence
413,silence
414,silence
415,silence
416,silence
417,silence
418,silence
419,silence
420,silence
421,silence
422,silence
423,silence
424,silence
425,silence
426,silence
427,silence
428,silence
429,silence
430,silence
431,silence
432,silence
433,silence
434,silence
435,silence
436,silence
437,silence
438,silence
439,silence
440,silence
441,silence
442,silence
443,silence
444,silence
445,silence
446,silence
447,silence
448,silence
449,silence
450,silence
451,silence
452,silence
453,silence
454,silence
455,silence
456,silence
457,silence
458,silence
459,silence
460,silence
461,silence
462,silence
463,silence
464,silence
465,silence
466,silence
467,silence
468,silence
469,silence
470,silence
471,silence
472,silence
473,silence
474,silence
475,silence
476,silence
477,silence
478,silence
479,silence
480,silence
481,silence
482,silence
483,silence
484,silence
485,silence
486,silence
487,silence
488,silence
489,silence
490,silence
491,silence
492,silence
493,silence
494,silence
495,silence
496,silence
497,silence
498,silence
499,silence
500,silence
501,silence
502,silence
503,silence
504,silence
505,silence
506,silence
507,silence
508,silence
509,silence
510,silence
511,silence
512,silence
513,silence
514,silence
515,silence
516,silence
517,silence
518,silence
519,silence
520,silence
521,silence
522,silence
523,silence
524,silence
525,silence
526,silence
527,silence
528,silence
529,silence
530,silence
531,silence
532,silence
533,silence
534,silence
535,silence
536,silence
537,silence
538,silence
539,silence
540,silence
541,silence
542,silence
543,silence
544,silence
545,silence
546,silence
547,silence
548,silence
549,silence
550,silence
551,silence
552,silence
553,silence
554,silence
555,silence
556,silence
557,silence
558,silence
559,silence
560,silence
561,silence
562,silence
563,silence
564,silence
565,silence
566,silence
567,silence
568,silence
569,silence
570,silence
571,silence
572,silence
573,silence
574,silence
575,silence
576,silence
577,silence
578,silence
579,silence
580,silence
581,silence
582,silence
583,silence
584,silence
585,silence
586,silence
587,silence
588,silence
589,silence
590,silence
591,silence
592,silence
593,silence
594,silence
595,silence
596,silence
597,silence
598,silence
599,silence
600,silence
601,silence
602,silence
603,silence
604,silence
605,silence
606,silence
607,silence
608,silence
609,silence
610,silence
611,silence
612,silence
613,silence
614,silence
615,silence
616,silence
617,silence
618,silence
619,silence
620,silence
621,silence
622,silence
623,silence
624,silence
625,silence
626,silence
627,silence
628,silence
629,silence
630,silence
631,silence
632,silence
633,silence
634,silence
635,silence
636,silence
637,silence
638,silence
639,silence
640,silence
641,silence
642,silence
643,silence
644,silence
645,silence
646,silence
647,silence
648,silence
649,silence
650,silence
651,silence
652,silence
653,silence
654,silence
655,silence
656,silence
657,silence
658,silence
659,silence
660,silence
661,silence
662,silence
663,silence
664,silence
665,silence
666,silence
667,silence
668,silence
669,silence
670,silence
671,silence
672,silence
673,silence
674,silence
675,silence
676,silence
677,silence
678,silence
679,silence
680,silence
681,silence
682,silence
683,silence
684,silence
685,silence
686,silence
687,silence
688,silence
689,silence
690,silence
691,silence
692,silence
693,silence
694,silence
695,silence
696,silence
697,silence
698,silence
699,silence
700,silence
701,silence
702,silence
703,silence
704,silence
705,silence
706,silence
707,silence
708,silence
709,silence
710,silence
711,silence
712,silence
713,silence
714,silence
715,silence
716,silence
717,silence
718,silence
719,silence
720,silence
721,silence
722,silence
723,silence
724,silence
725,silence
726,silence
727,silence
728,silence
729,silence
730,silence
731,silence
732,silence
733,silence
734,silence
735,silence
736,silence
737,silence
738,silence
739,silence
740,silence
741,silence
742,silence
743,silence
744,silence
745,silence
746,silence
747,silence
748,silence
749,silence
750,silence
751,silence
752,silence
753,silence
754,silence
755,silence
756,silence
757,silence
758,silence
759,silence
760,silence
761,silence
762,silence
763,silence
764,silence
765,silence
766,silence
767,silence
768,silence
769,silence
770,silence
771,silence
772,silence
773,silence
774,silence
775,silence
776,silence
777,silence
778,silence
779,silence
780,silence
781,silence
782,silence
783,silence
784,silence
785,silence
786,silence
787,silence
788,silence
789,silence
790,silence
791,silence
792,silence
793,silence
794,silence
795,silence
796,silence
797,silence
798,silence
799,silence
800,silence
801,silence
802,silence
803,silence
804,silence
805,silence
806,silence
807,silence
808,silence
809,silence
810,silence
811,silence
812,silence
813,silence
814,silence
815,silence
816,silence
817,silence
818,silence
819,silence
820,silence
821,silence
822,silence
823,silence
824,silence
825,silence
826,silence
827,silence
828,silence
829,silence
830,silence
831,silence
832,silence
833,silence
834,silence
835,silence
836,silence
837,silence
838,silence
839,silence
840,silence
841,silence
842,silence
843,silence
844,silence
845,silence
846,silence
847,silence
848,silence
849,silence
850,silence
851,silence
852,silence
853,silence
854,silence
855,silence
856,silence
857,silence
858,silence
859,silence
860,silence
861,silence
862,silence
863,silence
864,silence
865,silence
866,silence
867,silence
868,silence
869,silence
870,silence
871,silence
872,silence
873,silence
874,silence
875,silence
876,silence
877,silence
878,silence
879,silence
880,silence
881,silence
882,silence
883,silence
884,silence
885,silence
886,silence
887,silence
888,silence
889,silence
890,silence
891,silence
892,silence
893,silence
894,silence
895,silence
896,silence
897,silence
898,silence
899,silence
900,silence
901,silence
902,silence
903,silence
904,silence
905,silence
906,silence
907,silence
908,silence
909,silence
910,silence
911,silence
912,silence
913,silence
914,silence
915,silence
916,silence
917,silence
918,silence
919,silence
920,silence
921,silence
922,silence
923,silence
924,silence
925,silence
926,silence
927,silence
928,silence
929,silence
930,silence
931,silence
932,silence
933,silence
934,silence
935,silence
936,silence
937,silence
938,silence
939,silence
940,silence
941,silence
942,silence
943,silence
944,silence
945,silence
946,silence
947,silence
948,silence
949,silence
950,silence
951,silence
952,silence
953,silence
954,silence
955,silence
956,silence
957,silence
958,silence
959,silence
960,silence
961,silence
962,silence
963,silence
964,silence
965,silence
966,silence
967,silence
968,silence
969,silence
970,silence
971,silence
972,silence
973,silence
974,silence
975,silence
976,silence
977,silence
978,silence
979,silence
980,silence
981,silence
982,silence
983,silence
984,silence
985,silence
986,silence
987,silence
988,silence
989,silence
990,silence
991,silence
992,silence
993,silence
994,silence
995,silence
996,silence
997,silence
998,silence
999,silence
1000,silence
1001,silence
1002,silence
1003,silence
1004,silence
1005,silence
1006,silence
1007,silence
1008,silence
1009,silence
1010,silence
1011,silence
1012,silence
1013,silence
1014,silence
1015,silence
1016,silence
1017,silence
1018,silence
1019,silence
1020,silence
1021,silence
1022,silence
1023,silence
1024,silence
1025,silence
1026,silence
1027,silence
1028,silence
1029,silence
1030,silence
1031,silence
1032,silence
1033,silence
1034,silence
1035,silence
1036,silence
1037,silence
1038,silence
1039,silence
1040,silence
1041,silence
1042,silence
1043,silence
1044,silence
1045,silence
1046,silence
1047,silence
1048,silence
1049,silence
1050,silence
1051,silence
1052,silence
1053,silence
1054,silence
1055,silence
1056,silence
1057,silence
1058,silence
1059,silence
1060,silence
1061,silence
1062,silence
1063,silence
1064,silence
1065,silence
1066,silence
1067,silence
1068,silence
1069,silence
1070,silence
1071,silence
1072,silence
1073,silence
1074,silence
1075,silence
1076,silence
1077,silence
1078,silence
1079,silence
1080,silence
1081,silence
1082,silence
1083,silence
1084,silence
1085,silence
1086,silence
1087,silence
1088,silence
1089,silence
1090,silence
1091,silence
1092,silence
1093,silence
1094,silence
1095,silence
1096,silence
1097,silence
1098,silence
1099,silence
1100,silence
1101,silence
1102,silence
1103,silence
1104,silence
1105,silence
1106,silence
1107,silence
1108,silence
1109,silence
1110,silence
1111,silence
1112,silence
1113,silence
1114,silence
1115,silence
1116,silence
1117,silence
1118,silence
1119,silence
1120,silence
1121,silence
1122,silence
1123,silence
1124,silence
1125,silence
1126,silence
1127,silence
1128,silence
1129,silence
1130,silence
1131,silence
1132,silence
1133,silence
1134,silence
1135,silence
1136,silence
1137,silence
1138,silence
1139,silence
1140,silence
1141,silence
1142,silence
1143,silence
1144,silence
1145,silence
1146,silence
1147,silence
1148,silence
1149,silence
1150,silence
1151,silence
1152,silence
1153,silence
1154,silence
1155,silence
1156,silence
1157,silence
1158,silence
1159,silence
1160,silence
1161,silence
1162,silence
1163,silence
1164,silence
1165,silence
1166,silence
1167,silence
1168,silence
1169,silence
1170,silence
1171,silence
1172,silence
1173,silence
1174,silence
1175,silence
1176,silence
1177,silence
1178,silence
1179,silence
1180,silence
1181,silence
1182,silence
1183,silence
1184,silence
1185,silence
1186,silence
1187,silence
1188,silence
1189,silence
1190,silence
1191,silence
1192,silence
1193,silence
1194,silence
1195,silence
1196,silence
1197,silence
1198,silence
1199,silence
1200,silence
1201,silence
1202,silence
1203,silence
1204,silence
1205,silence
1206,silence
1207,silence
1208,silence
1209,silence
1210,silence
1211,silence
1212,silence
1213,silence
1214,silence
1215,silence
1216,silence
1217,silence
1218,silence
1219,silence
1220,silence
1221,silence
1222,silence
1223,silence
1224,silence
1225,silence
1226,silence
1227,silence
1228,silence
1229,silence
1230,silence
1231,silence
1232,silence
1233,silence
1234,silence
1235,silence
1236,silence
1237,silence
1238,silence
1239,silence
1240,silence
1241,silence
1242,silence
1243,silence
1244,silence
1245,silence
1246,silence
1247,silence
1248,silence
1249,silence
1250,silence
1251,silence
1252,silence
1253,silence
1254,silence
1255,silence
1256,silence
1257,silence
1258,silence
1259,silence
1260,silence
1261,silence
1262,silence
1263,silence
1264,silence
1265,silence
1266,silence
1267,silence
1268,silence
1269,silence
1270,silence
1271,silence
1272,silence
1273,silence
1274,silence
1275,silence
1276,silence
1277,silence
1278,silence
1279,silence
1280,silence
1281,silence
1282,silence
1283,silence
1284,silence
1285,silence
1286,silence
1287,silence
1288,silence
1289,silence
1290,silence
1291,silence
1292,silence
1293,silence
1294,silence
1295,silence
1296,silence
1297,silence
1298,silence
1299,silence
1300,silence
1301,silence
1302,silence
1303,silence
1304,silence
1305,silence
1306,silence
1307,silence
1308,silence
1309,silence
1310,silence
1311,silence
1312,silence
1313,silence
1314,silence
1315,silence
1316,silence
1317,silence
1318,silence
1319,silence
1320,silence
1321,silence
1322,silence
1323,silence
1324,silence
1325,silence
1326,silence
1327,silence
1328,silence
1329,silence
1330,silence
1331,silence
1332,silence
1333,silence
1334,silence
1335,silence
1336,silence
1337,silence
1338,silence
1339,silence
1340,silence
1341,silence
1342,silence
1343,silence
1344,silence
1345,silence
1346,silence
1347,silence
1348,silence
1349,silence
1350,silence
1351,silence
1352,silence
1353,silence
1354,silence
1355,silence
1356,silence
1357,silence
1358,silence
1359,silence
1360,silence
1361,silence
1362,silence
1363,silence
1364,silence
1365,silence
1366,silence
1367,silence
1368,silence
1369,silence
1370,silence
1371,silence
1372,silence
1373,silence
1374,silence
1375,silence
1376,silence
1377,silence
1378,silence
1379,silence
1380,silence
1381,silence
1382,silence
1383,silence
1384,silence
1385,silence
1386,silence
1387,silence
1388,silence
1389,silence
1390,silence
1391,silence
1392,silence
1393,silence
1394,silence
1395,silence
1396,silence
1397,silence
1398,silence
1399,silence
1400,silence
1401,silence
1402,silence
1403,silence
1404,silence
1405,silence
1406,silence
1407,silence
1408,silence
1409,silence
1410,silence
1411,silence
1412,silence
1413,silence
1414,silence
1415,silence
1416,silence
1417,silence
1418,silence
1419,silence
1420,silence
1421,silence
1422,silence
1423,silence
1424,silence
1425,silence
1426,silence
1427,silence
1428,silence
1429,silence
1430,silence
1431,silence
1432,silence
1433,silence
1434,silence
1435,silence
1436,silence
1437,silence
1438,silence
1439,silence
1440,silence
1441,silence
1442,silence
1443,silence
1444,silence
1445,silence
1446,silence
1447,silence
1448,silence
1449,silence
1450,silence
1451,silence
1452,silence
1453,silence
1454,silence
1455,silence
1456,silence
1457,silence
1458,silence
1459,silence
1460,silence
1461,silence
1462,silence
1463,silence
1464,silence
1465,silence
1466,silence
1467,silence
1468,silence
1469,silence
1470,silence
1471,silence
1472,silence
1473,silence
1474,silence
1475,silence
1476,silence
1477,silence
1478,silence
1479,silence
1480,silence
1481,silence
1482,silence
1483,silence
1484,silence
1485,silence
1486,silence
1487,silence
1488,silence
1489,silence
1490,silence
1491,silence
1492,silence
1493,silence
1494,silence
1495,silence
1496,silence
1497,silence
1498,silence
1499,silence
1500,silence
1501,silence
1502,silence
1503,silence
1504,silence
1505,silence
1506,silence
1507,silence
1508,silence
1509,silence
1510,silence
1511,silence
1512,silence
1513,silence
1514,silence
1515,silence
1516,silence
1517,silence
1518,silence
1519,silence
1520,silence
1521,silence
1522,silence
1523,silence
1524,silence
1525,silence
1526,silence
1527,silence
1528,silence
1529,silence
1530,silence
1531,silence
1532,silence
1533,silence
1534,silence
1535,silence
1536,silence
1537,silence
1538,silence
1539,silence
1540,silence
1541,silence
1542,silence
1543,silence
1544,silence
1545,silence
1546,silence
1547,silence
1548,silence
1549,silence
1550,silence
1551,silence
1552,silence
1553,silence
1554,silence
1555,silence
1556,silence
1557,silence
1558,silence
1559,silence
1560,silence
1561,silence
1562,silence
1563,silence
1564,silence
1565,silence
1566,silence
1567,silence
1568,silence
1569,silence
1570,silence
1571,silence
1572,silence
1573,silence
1574,silence
1575,silence
1576,silence
1577,silence
1578,silence
1579,silence
1580,silence
1581,silence
1582,silence
1583,silence
1584,silence
1585,silence
1586,silence
1587,silence
1588,silence
1589,silence
1590,silence
1591,silence
1592,silence
1593,silence
1594,silence
1595,silence
1596,silence
1597,silence
1598,silence
1599,silence
1600,silence
1601,silence
1602,silence
1603,silence
1604,silence
1605,silence
1606,silence
1607,silence
1608,silence
1609,silence
1610,silence
1611,silence
1612,silence
1613,silence
1614,silence
1615,silence
1616,silence
1617,silence
1618,silence
1619,silence
1620,silence
1621,silence
1622,silence
1623,silence
1624,silence
1625,silence
1626,silence
1627,silence
1628,silence
1629,silence
1630,silence
1631,silence
1632,silence
1633,silence
1634,silence
1635,silence
1636,silence
1637,silence
1638,silence
1639,silence
1640,silence
1641,silence
1642,silence
1643,silence
1644,silence
1645,silence
1646,silence
1647,silence
1648,silence
1649,silence
1650,silence
1651,silence
1652,silence
1653,silence
1654,silence
1655,silence
1656,silence
1657,silence
1658,silence
1659,silence
1660,silence
1661,silence
1662,silence
1663,silence
1664,silence
1665,silence
1666,silence
1667,silence
1668,silence
1669,silence
1670,silence
1671,silence
1672,silence
1673,silence
1674,silence
1675,silence
1676,silence
1677,silence
1678,silence
1679,silence
1680,silence
1681,silence
1682,silence
1683,silence
1684,silence
1685,silence
1686,silence
1687,silence
1688,silence
1689,silence
1690,silence
1691,silence
1692,silence
1693,silence
1694,silence
1695,silence
1696,silence
1697,silence
1698,silence
1699,silence
1700,silence
1701,silence
1702,silence
1703,silence
1704,silence
1705,silence
1706,silence
1707,silence
1708,silence
1709,silence
1710,silence
1711,silence
1712,silence
1713,silence
1714,silence
1715,silence
1716,silence
1717,silence
1718,silence
1719,silence
1720,silence
1721,silence
1722,silence
1723,silence
1724,silence
1725,silence
1726,silence
1727,silence
1728,silence
1729,silence
1730,silence
1731,silence
1732,silence
1733,silence
1734,silence
1735,silence
1736,silence
1737,silence
1738,silence
1739,silence
1740,silence
1741,silence
1742,silence
1743,silence
1744,silence
1745,silence
1746,silence
1747,silence
1748,silence
1749,silence
1750,silence
1751,silence
1752,silence
1753,silence
1754,silence
1755,silence
1756,silence
1757,silence
1758,silence
1759,silence
1760,silence
1761,silence
1762,silence
1763,silence
1764,silence
1765,silence
1766,silence
1767,silence
1768,silence
1769,silence
1770,silence
1771,silence
1772,silence
1773,silence
1774,silence
1775,silence
1776,silence
1777,silence
1778,silence
1779,silence
1780,silence
1781,silence
1782,silence
1783,silence
1784,silence
1785,silence
1786,silence
1787,silence
1788,silence
1789,silence
1790,silence
1791,silence
1792,silence
1793,silence
1794,silence
1795,silence
1796,silence
1797,silence
1798,silence
1799,silence
1800,silence
1801,silence
1802,silence
1803,silence
1804,silence
1805,silence
1806,silence
1807,silence
1808,silence
1809,silence
1810,silence
1811,silence
1812,silence
1813,silence
1814,silence
1815,silence
1816,silence
1817,silence
1818,silence
1819,silence
1820,silence
1821,silence
1822,silence
1823,silence
1824,silence
1825,silence
1826,silence
1827,silence
1828,silence
1829,silence
1830,silence
1831,silence
1832,silence
1833,silence
1834,silence
1835,silence
1836,silence
1837,silence
1838,silence
1839,silence
1840,silence
1841,silence
1842,silence
1843,silence
1844,silence
1845,silence
1846,silence
1847,silence
1848,silence
1849,silence
1850,silence
1851,silence
1852,silence
1853,silence
1854,silence
1855,silence
1856,silence
1857,silence
1858,silence
1859,silence
1860,silence
1861,silence
1862,silence
1863,silence
1864,silence
1865,silence
1866,silence
1867,silence
1868,silence
1869,silence
1870,silence
1871,silence
1872,silence
1873,silence
1874,silence
1875,silence
1876,silence
1877,silence
1878,silence
1879,silence
1880,silence
1881,silence
1882,silence
1883,silence
1884,silence
1885,silence
1886,silence
1887,silence
1888,silence
1889,silence
1890,silence
1891,silence
1892,silence
1893,silence
1894,silence
1895,silence
1896,silence
1897,silence
1898,silence
1899,silence
1900,silence
1901,silence
1902,silence
1903,silence
1904,silence
1905,silence
1906,silence
1907,silence
1908,silence
1909,silence
1910,silence
1911,silence
1912,silence
1913,silence
1914,silence
1915,silence
1916,silence
1917,silence
1918,silence
1919,silence
1920,silence
1921,silence
1922,silence
1923,silence
1924,silence
1925,silence
1926,silence
1927,silence
1928,silence
1929,silence
1930,silence
1931,silence
1932,silence
1933,silence
1934,silence
1935,silence
1936,silence
1937,silence
1938,silence
1939,silence
1940,silence
1941,silence
1942,silence
1943,silence
1944,silence
1945,silence
1946,silence
1947,silence
1948,silence
1949,silence
1950,silence
1951,silence
1952,silence
1953,silence
1954,silence
1955,silence
1956,silence
1957,silence
1958,silence
1959,silence
1960,silence
1961,silence
1962,silence
1963,silence
1964,silence
1965,silence
1966,silence
1967,silence
1968,silence
1969,silence
1970,silence
1971,silence
1972,silence
1973,silence
1974,silence
1975,silence
1976,silence
1977,silence
1978,silence
1979,silence
1980,silence
1981,silence
1982,silence
1983,silence
1984,silence
1985,silence
1986,silence
1987,silence
1988,silence
1989,silence
1990,silence
1991,silence
1992,silence
1993,silence
1994,silence
1995,silence
1996,silence
1997,silence
1998,silence
1999,silence
2000,silence
2001,silence
2002,silence
2003,silence
2004,silence
2005,silence
2006,silence
2007,silence
2008,silence
2009,silence
2010,silence
2011,silence
2012,silence
2013,silence
2014,silence
2015,silence
2016,silence
2017,silence
2018,silence
2019,silence
2020,silence
2021,silence
2022,silence
2023,silence
2024,silence
2025,silence
2026,silence
2027,silence
2028,silence
2029,silence
2030,silence
2031,silence
2032,silence
2033,silence
2034,silence
2035,silence
2036,silence
2037,silence
2038,silence
2039,silence
2040,silence
2041,silence
2042,silence
2043,silence
2044,silence
2045,silence
2046,silence
2047,silence
2048,silence
2049,silence
2050,silence
2051,silence
2052,silence
2053,silence
2054,silence
2055,silence
2056,silence
2057,silence
2058,silence
2059,silence
2060,silence
2061,silence
2062,silence
2063,silence
2064,silence
2065,silence
2066,silence
2067,silence
2068,silence
2069,silence
2070,silence
2071,silence
2072,silence
2073,silence
2074,silence
2075,silence
2076,silence
2077,silence
2078,silence
2079,silence
2080,silence
2081,silence
2082,silence
2083,silence
2084,silence
2085,silence
2086,silence
2087,silence
2088,silence
2089,silence
2090,silence
2091,silence
2092,silence
2093,silence
2094,silence
2095,silence
2096,silence
2097,silence
2098,silence
2099,silence
2100,silence
2101,silence
2102,silence
2103,silence
2104,silence
2105,silence
2106,silence
2107,silence
2108,silence
2109,silence
2110,silence
2111,silence
2112,silence
2113,silence
2114,silence
2115,silence
2116,silence
2117,silence
2118,silence
2119,silence
2120,silence
2121,silence
2122,silence
2123,silence
2124,silence
2125,silence
2126,silence
2127,silence
2128,silence
2129,silence
2130,silence
2131,silence
2132,silence
2133,silence
2134,silence
2135,silence
2136,silence
2137,silence
2138,silence
2139,silence
2140,silence
2141,silence
2142,silence
2143,silence
2144,silence
2145,silence
2146,silence
2147,silence
2148,silence
2149,silence
2150,silence
2151,silence
2152,silence
2153,silence
2154,silence
2155,silence
2156,silence
2157,silence
2158,silence
2159,silence
2160,silence
2161,silence
2162,silence
2163,silence
2164,silence
2165,silence
2166,silence
2167,silence
2168,silence
2169,silence
2170,silence
2171,silence
2172,silence
2173,silence
2174,silence
2175,silence
2176,silence
2177,silence
2178,silence
2179,silence
2180,silence
2181,silence
2182,silence
2183,silence
2184,silence
2185,silence
2186,silence
2187,silence
2188,silence
2189,silence
2190,silence
2191,silence
2192,silence
2193,silence
2194,silence
2195,silence
2196,silence
2197,silence
2198,silence
2199,silence
2200,silence
2201,silence
2202,silence
2203,silence
2204,silence
2205,silence
2206,silence
2207,silence
2208,silence
2209,silence
2210,silence
2211,silence
2212,silence
2213,silence
2214,silence
2215,silence
2216,silence
2217,silence
2218,silence
2219,silence
2220,silence
2221,silence
2222,silence
2223,silence
2224,silence
2225,silence
2226,silence
2227,silence
2228,silence
2229,silence
2230,silence
2231,silence
2232,silence
2233,silence
2234,silence
2235,silence
2236,silence
2237,silence
2238,silence
2239,silence
2240,silence
2241,silence
2242,silence
2243,silence
2244,silence
2245,silence
2246,silence
2247,silence
2248,silence
2249,silence
2250,silence
2251,silence
2252,silence
2253,silence
2254,silence
2255,silence
2256,silence
2257,silence
2258,silence
2259,silence
2260,silence
2261,silence
2262,silence
2263,silence
2264,silence
2265,silence
2266,silence
2267,silence
2268,silence
2269,silence
2270,silence
2271,silence
2272,silence
2273,silence
2274,silence
2275,silence
2276,silence
2277,silence
2278,silence
2279,silence
2280,silence
2281,silence
2282,silence
2283,silence
2284,silence
2285,silence
2286,silence
2287,silence
2288,silence
2289,silence
2290,silence
2291,silence
2292,silence
2293,silence
2294,silence
2295,silence
2296,silence
2297,silence
2298,silence
2299,silence
2300,silence
2301,silence
2302,silence
2303,silence
2304,silence
2305,silence
2306,silence
2307,silence
2308,silence
2309,silence
2310,silence
2311,silence
2312,silence
2313,silence
2314,silence
2315,silence
2316,silence
2317,silence
2318,silence
2319,silence
2320,silence
2321,silence
2322,silence
2323,silence
2324,silence
2325,silence
2326,silence
2327,silence
2328,silence
2329,silence
2330,silence
2331,silence
2332,silence
2333,silence
2334,silence
2335,silence
2336,silence
2337,silence
2338,silence
2339,silence
2340,silence
2341,silence
2342,silence
2343,silence
2344,silence
2345,silence
2346,silence
2347,silence
2348,silence
2349,silence
2350,silence
2351,silence
2352,silence
2353,silence
2354,silence
2355,silence
2356,silence
2357,silence
2358,silence
2359,silence
2360,silence
2361,silence
2362,silence
2363,silence
2364,silence
2365,silence
2366,silence
2367,silence
2368,silence
2369,silence
2370,silence
2371,silence
2372,silence
2373,silence
2374,silence
2375,silence
2376,silence
2377,silence
2378,silence
2379,silence
2380,silence
2381,silence
2382,silence
2383,silence
2384,silence
2385,silence
2386,silence
2387,silence
2388,silence
2389,silence
2390,silence
2391,silence
2392,silence
2393,silence
2394,silence
2395,silence
2396,silence
2397,silence
2398,silence
2399,silence
2400,silence
2401,silence
2402,silence
2403,silence
2404,silence
2405,silence
2406,silence
2407,silence
2408,silence
2409,silence
2410,silence
2411,silence
2412,silence
2413,silence
2414,silence
2415,silence
2416,silence
2417,silence
2418,silence
2419,silence
2420,silence
2421,silence
2422,silence
2423,silence
2424,silence
2425,silence
2426,silence
2427,silence
2428,silence
2429,silence
2430,silence
2431,silence
2432,silence
2433,silence
2434,silence
2435,silence
2436,silence
2437,silence
2438,silence
2439,silence
2440,silence
2441,silence
2442,silence
2443,silence
2444,silence
2445,silence
2446,silence
2447,silence
2448,silence
2449,silence
2450,silence
2451,silence
2452,silence
2453,silence
2454,silence
2455,silence
2456,silence
2457,silence
2458,silence
2459,silence
2460,silence
2461,silence
2462,silence
2463,silence
2464,silence
2465,silence
2466,silence
2467,silence
2468,silence
2469,silence
2470,silence
2471,silence
2472,silence
2473,silence
2474,silence
2475,silence
2476,silence
2477,silence
2478,silence
2479,silence
2480,silence
2481,silence
2482,silence
2483,silence
2484,silence
2485,silence
2486,silence
2487,silence
2488,silence
2489,silence
2490,silence
2491,silence
2492,silence
2493,silence
2494,silence
2495,silence
2496,silence
2497,silence
2498,silence
2499,silence
2500,silence
2501,silence
2502,silence
2503,silence
2504,silence
2505,silence
2506,silence
2507,silence
2508,silence
2509,silence
2510,silence
2511,silence
2512,silence
2513,silence
2514,silence
2515,silence
2516,silence
2517,silence
2518,silence
2519,silence
2520,silence
2521,silence
2522,silence
2523,silence
2524,silence
2525,silence
2526,silence
2527,silence
2528,silence
2529,silence
2530,silence
2531,silence
2532,silence
2533,silence
2534,silence
2535,silence
2536,silence
2537,silence
2538,silence
2539,silence
2540,silence
2541,silence
2542,silence
2543,silence
2544,silence
2545,silence
2546,silence
2547,silence
2548,silence
2549,silence
2550,silence
2551,silence
2552,silence
2553,silence
2554,silence
2555,silence
2556,silence
2557,silence
2558,silence
2559,silence
2560,silence
2561,silence
2562,silence
2563,silence
2564,silence
2565,silence
2566,silence
2567,silence
2568,silence
2569,silence
2570,silence
2571,silence
2572,silence
2573,silence
2574,silence
2575,silence
2576,silence
2577,silence
2578,silence
2579,silence
2580,silence
2581,silence
2582,silence
2583,silence
2584,silence
2585,silence
2586,silence
2587,silence
2588,silence
2589,silence
2590,silence
2591,silence
2592,silence
2593,silence
2594,silence
2595,silence
2596,silence
2597,silence
2598,silence
2599,silence
2600,silence
2601,silence
2602,silence
2603,silence
2604,silence
2605,silence
2606,silence
2607,silence
2608,silence
2609,silence
2610,silence
2611,silence
2612,silence
2613,silence
2614,silence
2615,silence
2616,silence
2617,silence
2618,silence
2619,silence
2620,silence
2621,silence
2622,silence
2623,silence
2624,silence
2625,silence
2626,silence
2627,silence
2628,silence
2629,silence
2630,silence
2631,silence
2632,silence
2633,silence
2634,silence
2635,silence
2636,silence
2637,silence
2638,silence
2639,silence
2640,silence
2641,silence
2642,silence
2643,silence
2644,silence
2645,silence
2646,silence
2647,silence
2648,silence
2649,silence
2650,silence
2651,silence
2652,silence
2653,silence
2654,silence
2655,silence
2656,silence
2657,silence
2658,silence
2659,silence
2660,silence
2661,silence
2662,silence
2663,silence
2664,silence
2665,silence
2666,silence
2667,silence
2668,silence
2669,silence
2670,silence
2671,silence
2672,silence
2673,silence
2674,silence
2675,silence
2676,silence
2677,silence
2678,silence
2679,silence
2680,silence
2681,silence
2682,silence
2683,silence
2684,silence
2685,silence
2686,silence
2687,silence
2688,silence
2689,silence
2690,silence
2691,silence
2692,silence
2693,silence
2694,silence
2695,silence
2696,silence
2697,silence
2698,silence
2699,silence
2700,silence
2701,silence
2702,silence
2703,silence
2704,silence
2705,silence
2706,silence
2707,silence
2708,silence
2709,silence
2710,silence
2711,silence
2712,silence
2713,silence
2714,silence
2715,silence
2716,silence
2717,silence
2718,silence
2719,silence
2720,silence
2721,silence
2722,silence
2723,silence
2724,silence
2725,silence
2726,silence
2727,silence
2728,silence
2729,silence
2730,silence
2731,silence
2732,silence
2733,silence
2734,silence
2735,silence
2736,silence
2737,silence
2738,silence
2739,silence
2740,silence
2741,silence
2742,silence
2743,silence
2744,silence
2745,silence
2746,silence
2747,silence
2748,silence
2749,silence
2750,silence
2751,silence
2752,silence
2753,silence
2754,silence
2755,silence
2756,silence
2757,silence
2758,silence
2759,silence
2760,silence
2761,silence
2762,silence
2763,silence
2764,silence
2765,silence
2766,silence
2767,silence
2768,silence
2769,silence
2770,silence
2771,silence
2772,silence
2773,silence
2774,silence
2775,silence
2776,silence
2777,silence
2778,silence
2779,silence
2780,silence
2781,silence
2782,silence
2783,silence
2784,silence
2785,silence
2786,silence
2787,silence
2788,silence
2789,silence
2790,silence
2791,silence
2792,silence
2793,silence
2794,silence
2795,silence
2796,silence
2797,silence
2798,silence
2799,silence
2800,silence
2801,silence
2802,silence
2803,silence
2804,silence
2805,silence
2806,silence
2807,silence
2808,silence
2809,silence
2810,silence
2811,silence
2812,silence
2813,silence
2814,silence
2815,silence
2816,silence
2817,silence
2818,silence
2819,silence
2820,silence
2821,silence
2822,silence
2823,silence
2824,silence
2825,silence
2826,silence
2827,silence
2828,silence
2829,silence
2830,silence
2831,silence
2832,silence
2833,silence
2834,silence
2835,silence
2836,silence
2837,silence
2838,silence
2839,silence
2840,silence
2841,silence
2842,silence
2843,silence
2844,silence
2845,silence
2846,silence
2847,silence
2848,silence
2849,silence
2850,silence
2851,silence
2852,silence
2853,silence
2854,silence
2855,silence
2856,silence
2857,silence
2858,silence
2859,silence
2860,silence
2861,silence
2862,silence
2863,silence
2864,silence
2865,silence
2866,silence
2867,silence
2868,silence
2869,silence
2870,silence
2871,silence
2872,silence
2873,silence
2874,silence
2875,silence
2876,silence
2877,silence
2878,silence
2879,silence
2880,silence
2881,silence
2882,silence
2883,silence
2884,silence
2885,silence
2886,silence
2887,silence
2888,silence
2889,silence
2890,silence
2891,silence
2892,silence
2893,silence
2894,silence
2895,silence
2896,silence
2897,silence
2898,silence
2899,silence
2900,silence
2901,silence
2902,silence
2903,silence
2904,silence
2905,silence
2906,silence
2907,silence
2908,silence
2909,silence
2910,silence
2911,silence
2912,silence
2913,silence
2914,silence
2915,silence
2916,silence
2917,silence
2918,silence
2919,silence
2920,silence
2921,silence
2922,silence
2923,silence
2924,silence
2925,silence
2926,silence
2927,silence
2928,silence
2929,silence
2930,silence
2931,silence
2932,silence
2933,silence
2934,silence
2935,silence
2936,silence
2937,silence
2938,silence
2939,silence
2940,silence
2941,silence
2942,silence
2943,silence
2944,silence
2945,silence
2946,silence
2947,silence
2948,silence
2949,silence
2950,silence
2951,silence
2952,silence
2953,silence
2954,silence
2955,silence
2956,silence
2957,silence
2958,silence
2959,silence
2960,silence
2961,silence
2962,silence
2963,silence
2964,silence
2965,silence
2966,silence
2967,silence
2968,silence
2969,silence
2970,silence
2971,silence
2972,silence
2973,silence
2974,silence
2975,silence
2976,silence
2977,silence
2978,silence
2979,silence
2980,silence
2981,silence
2982,silence
2983,silence
2984,silence
2985,silence
2986,silence
2987,silence
2988,silence
2989,silence
2990,silence
2991,silence
2992,silence
2993,silence
2994,silence
2995,silence
2996,silence
2997,silence
2998,silence
2999,silence
3000,silence
3001,silence
3002,silence
3003,silence
3004,silence
3005,silence
3006,silence
3007,silence
3008,silence
3009,silence
3010,silence
3011,silence
3012,silence
3013,silence
3014,silence
3015,silence
3016,silence
3017,silence
3018,silence
3019,silence
3020,silence
3021,silence
3022,silence
3023,silence
3024,silence
3025,silence
3026,silence
3027,silence
3028,silence
3029,silence
3030,silence
3031,silence
3032,silence
3033,silence
3034,silence
3035,silence
3036,silence
3037,silence
3038,silence
3039,silence
3040,silence
3041,silence
3042,silence
3043,silence
3044,silence
3045,silence
3046,silence
3047,silence
3048,silence
3049,silence
3050,silence
3051,silence
3052,silence
3053,silence
3054,silence
3055,silence
3056,silence
3057,silence
3058,silence
3059,silence
3060,silence
3061,silence
3062,silence
3063,silence
3064,silence
3065,silence
3066,silence
3067,silence
3068,silence
3069,silence
3070,silence
3071,silence
3072,silence
3073,silence
3074,silence
3075,silence
3076,silence
3077,silence
3078,silence
3079,silence
3080,silence
3081,silence
3082,silence
3083,silence
3084,silence
3085,silence
3086,silence
3087,silence
3088,silence
3089,silence
3090,silence
3091,silence
3092,silence
3093,silence
3094,silence
3095,silence
3096,silence
3097,silence
3098,silence
3099,silence
3100,silence
3101,silence
3102,silence
3103,silence
3104,silence
3105,silence
3106,silence
3107,silence
3108,silence
3109,silence
3110,silence
3111,silence
3112,silence
3113,silence
3114,silence
3115,silence
3116,silence
3117,silence
3118,silence
3119,silence
3120,silence
3121,silence
3122,silence
3123,silence
3124,silence
3125,silence
3126,silence
3127,silence
3128,silence
3129,silence
3130,silence
3131,silence
3132,silence
3133,silence
3134,silence
3135,silence
3136,silence
3137,silence
3138,silence
3139,silence
3140,silence
3141,silence
3142,silence
3143,silence
3144,silence
3145,silence
3146,silence
3147,silence
3148,silence
3149,silence
3150,silence
3151,silence
3152,silence
3153,silence
3154,silence
3155,silence
3156,silence
3157,silence
3158,silence
3159,silence
3160,silence
3161,silence
3162,silence
3163,silence
3164,silence
3165,silence
3166,silence
3167,silence
3168,silence
3169,silence
3170,silence
3171,silence
3172,silence
3173,silence
3174,silence
3175,silence
3176,silence
3177,silence
3178,silence
3179,silence
3180,silence
3181,silence
3182,silence
3183,silence
3184,silence
3185,silence
3186,silence
3187,silence
3188,silence
3189,silence
3190,silence
3191,silence
3192,silence
3193,silence
3194,silence
3195,silence
3196,silence
3197,silence
3198,silence
3199,silence
3200,silence
3201,silence
3202,silence
3203,silence
3204,silence
3205,silence
3206,silence
3207,silence
3208,silence
3209,silence
3210,silence
3211,silence
3212,silence
3213,silence
3214,silence
3215,silence
3216,silence
3217,silence
3218,silence
3219,silence
3220,silence
3221,silence
3222,silence
3223,silence
3224,silence
3225,silence
3226,silence
3227,silence
3228,silence
3229,silence
3230,silence
3231,silence
3232,silence
3233,silence
3234,silence
3235,silence
3236,silence
3237,silence
3238,silence
3239,silence
3240,silence
3241,silence
3242,silence
3243,silence
3244,silence
3245,silence
3246,silence
3247,silence
3248,silence
3249,silence
3250,silence
3251,silence
3252,silence
3253,silence
3254,silence
3255,silence
3256,silence
3257,silence
3258,silence
3259,silence
3260,silence
3261,silence
3262,silence
3263,silence
3264,silence
3265,silence
3266,silence
3267,silence
3268,silence
3269,silence
3270,silence
3271,silence
3272,silence
3273,silence
3274,silence
3275,silence
3276,silence
3277,silence
3278,silence
3279,silence
3280,silence
3281,silence
3282,silence
3283,silence
3284,silence
3285,silence
3286,silence
3287,silence
3288,silence
3289,silence
3290,silence
3291,silence
3292,silence
3293,silence
3294,silence
3295,silence
3296,silence
3297,silence
3298,silence
3299,silence
3300,silence
3301,silence
3302,silence
3303,silence
3304,silence
3305,silence
3306,silence
3307,silence
3308,silence
3309,silence
3310,silence
3311,silence
3312,silence
3313,silence
3314,silence
3315,silence
3316,silence
3317,silence
3318,silence
3319,silence
3320,silence
3321,silence
3322,silence
3323,silence
3324,silence
3325,silence
3326,silence
3327,silence
3328,silence
3329,silence
3330,silence
3331,silence
3332,silence
3333,silence
3334,silence
3335,silence
3336,silence
3337,silence
3338,silence
3339,silence
3340,silence
3341,silence
3342,silence
3343,silence
3344,silence
3345,silence
3346,silence
3347,silence
3348,silence
3349,silence
3350,silence
3351,silence
3352,silence
3353,silence
3354,silence
3355,silence
3356,silence
3357,silence
3358,silence
3359,silence
3360,silence
3361,silence
3362,silence
3363,silence
3364,silence
3365,silence
3366,silence
3367,silence
3368,silence
3369,silence
3370,silence
3371,silence
3372,silence
3373,silence
3374,silence
3375,silence
3376,silence
3377,silence
3378,silence
3379,silence
3380,silence
3381,silence
3382,silence
3383,silence
3384,silence
3385,silence
3386,silence
3387,silence
3388,silence
3389,silence
3390,silence
3391,silence
3392,silence
3393,silence
3394,silence
3395,silence
3396,silence
3397,silence
3398,silence
3399,silence
3400,silence
3401,silence
3402,silence
3403,silence
3404,silence
3405,silence
3406,silence
3407,silence
3408,silence
3409,silence
3410,silence
3411,silence
3412,silence
3413,silence
3414,silence
3415,silence
3416,silence
3417,silence
3418,silence
3419,silence
3420,silence
3421,silence
3422,silence
3423,silence
3424,silence
3425,silence
3426,silence
3427,silence
3428,silence
3429,silence
3430,silence
3431,silence
3432,silence
3433,silence
3434,silence
3435,silence
3436,silence
3437,silence
3438,silence
3439,silence
3440,silence
3441,silence
3442,silence
3443,silence
3444,silence
3445,silence
3446,silence
3447,silence
3448,silence
3449,silence
3450,silence
3451,silence
3452,silence
3453,silence
3454,silence
3455,silence
3456,silence
3457,silence
3458,silence
3459,silence
3460,silence
3461,silence
3462,silence
3463,silence
3464,silence
3465,silence
3466,silence
3467,silence
3468,silence
3469,silence
3470,silence
3471,silence
3472,silence
3473,silence
3474,silence
3475,silence
3476,silence
3477,silence
3478,silence
3479,silence
3480,silence
3481,silence
3482,silence
3483,silence
3484,silence
3485,silence
3486,silence
3487,silence
3488,silence
3489,silence
3490,silence
3491,silence
3492,silence
3493,silence
3494,silence
3495,silence
3496,silence
3497,silence
3498,silence
3499,silence
3500,silence
3501,silence
3502,silence
3503,silence
3504,silence
3505,silence
3506,silence
3507,silence
3508,silence
3509,silence
3510,silence
3511,silence
3512,silence
3513,silence
3514,silence
3515,silence
3516,silence
3517,silence
3518,silence
3519,silence
3520,silence
3521,silence
3522,silence
3523,silence
3524,silence
3525,silence
3526,silence
3527,silence
3528,silence
3529,silence
3530,silence
3531,silence
3532,silence
3533,silence
3534,silence
3535,silence
3536,silence
3537,silence
3538,silence
3539,silence
3540,silence
3541,silence
3542,silence
3543,silence
3544,silence
3545,silence
3546,silence
3547,silence
3548,silence
3549,silence
3550,silence
3551,silence
3552,silence
3553,silence
3554,silence
3555,silence
3556,silence
3557,silence
3558,silence
3559,silence
3560,silence
3561,silence
3562,silence
3563,silence
3564,silence
3565,silence
3566,silence
3567,silence
3568,silence
3569,silence
3570,silence
3571,silence
3572,silence
3573,silence
3574,silence
3575,silence
3576,silence
3577,silence
3578,silence
3579,silence
3580,silence
3581,silence
3582,silence
3583,silence
3584,silence
3585,silence
3586,silence
3587,silence
3588,silence
3589,silence
3590,silence
3591,silence
3592,silence
3593,silence
3594,silence
3595,silence
3596,silence
3597,silence
3598,silence
3599,silence
3600,silence
3601,silence
3602,silence
3603,silence
3604,silence
3605,silence
3606,silence
3607,silence
3608,silence
3609,silence
3610,silence
3611,silence
3612,silence
3613,silence
3614,silence
3615,silence
3616,silence
3617,silence
3618,silence
3619,silence
3620,silence
3621,silence
3622,silence
3623,silence
3624,silence
3625,silence
3626,silence
3627,silence
3628,silence
3629,silence
3630,silence
3631,silence
3632,silence
3633,silence
3634,silence
3635,silence
3636,silence
3637,silence
3638,silence
3639,silence
3640,silence
3641,silence
3642,silence
3643,silence
3644,silence
3645,silence
3646,silence
3647,silence
3648,silence
3649,silence
3650,silence
3651,silence
3652,silence
3653,silence
3654,silence
3655,silence
3656,silence
3657,silence
3658,silence
3659,silence
3660,silence
3661,silence
3662,silence
3663,silence
3664,silence
3665,silence
3666,silence
3667,silence
3668,silence
3669,silence
3670,silence
3671,silence
3672,silence
3673,silence
3674,silence
3675,silence
3676,silence
3677,silence
3678,silence
3679,silence
3680,silence
3681,silence
3682,silence
3683,silence
3684,silence
3685,silence
3686,silence
3687,silence
3688,silence
3689,silence
3690,silence
3691,silence
3692,silence
3693,silence
3694,silence
3695,silence
3696,silence
3697,silence
3698,silence
3699,silence
3700,silence
3701,silence
3702,silence
3703,silence
3704,silence
3705,silence
3706,silence
3707,silence
3708,silence
3709,silence
3710,silence
3711,silence
3712,silence
3713,silence
3714,silence
3715,silence
3716,silence
3717,silence
3718,silence
3719,silence
3720,silence
3721,silence
3722,silence
3723,silence
3724,silence
3725,silence
3726,silence
3727,silence
3728,silence
3729,silence
3730,silence
3731,silence
3732,silence
3733,silence
3734,silence
3735,silence
3736,silence
3737,silence
3738,silence
3739,silence
3740,silence
3741,silence
3742,silence
3743,silence
3744,silence
3745,silence
3746,silence
3747,silence
3748,silence
3749,silence
3750,silence
3751,silence
3752,silence
3753,silence
3754,silence
3755,silence
3756,silence
3757,silence
3758,silence
3759,silence
3760,silence
3761,silence
3762,silence
3763,silence
3764,silence
3765,silence
3766,silence
3767,silence
3768,silence
3769,silence
3770,silence
3771,silence
3772,silence
3773,silence
3774,silence
3775,silence
3776,silence
3777,silence
3778,silence
3779,silence
3780,silence
3781,silence
3782,silence
3783,silence
3784,silence
3785,silence
3786,silence
3787,silence
3788,silence
3789,silence
3790,silence
3791,silence
3792,silence
3793,silence
3794,silence
3795,silence
3796,silence
3797,silence
3798,silence
3799,silence
3800,silence
3801,silence
3802,silence
3803,silence
3804,silence
3805,silence
3806,silence
3807,silence
3808,silence
3809,silence
3810,silence
3811,silence
3812,silence
3813,silence
3814,silence
3815,silence
3816,silence
3817,silence
3818,silence
3819,silence
3820,silence
3821,silence
3822,silence
3823,silence
3824,silence
3825,silence
3826,silence
3827,silence
3828,silence
3829,silence
3830,silence
3831,silence
3832,silence
3833,silence
3834,silence
3835,silence
3836,silence
3837,silence
3838,silence
3839,silence
3840,silence
3841,silence
3842,silence
3843,silence
3844,silence
3845,silence
3846,silence
3847,silence
3848,silence
3849,silence
3850,silence
3851,silence
3852,silence
3853,silence
3854,silence
3855,silence
3856,silence
3857,silence
3858,silence
3859,silence
3860,silence
3861,silence
3862,silence
3863,silence
3864,silence
3865,silence
3866,silence
3867,silence
3868,silence
3869,silence
3870,silence
3871,silence
3872,silence
3873,silence
3874,silence
3875,silence
3876,silence
3877,silence
3878,silence
3879,silence
3880,silence
3881,silence
3882,silence
3883,silence
3884,silence
3885,silence
3886,silence
3887,silence
3888,silence
3889,silence
3890,silence
3891,silence
3892,silence
3893,silence
3894,silence
3895,silence
3896,silence
3897,silence
3898,silence
3899,silence
3900,silence
3901,silence
3902,silence
3903,silence
3904,silence
3905,silence
3906,silence
3907,silence
3908,silence
3909,silence
3910,silence
3911,silence
3912,silence
3913,silence
3914,silence
3915,silence
3916,silence
3917,silence
3918,silence
3919,silence
3920,silence
3921,silence
3922,silence
3923,silence
3924,silence
3925,silence
3926,silence
3927,silence
3928,silence
3929,silence
3930,silence
3931,silence
3932,silence
3933,silence
3934,silence
3935,silence
3936,silence
3937,silence
3938,silence
3939,silence
3940,silence
3941,silence
3942,silence
3943,silence
3944,silence
3945,silence
3946,silence
3947,silence
3948,silence
3949,silence
3950,silence
3951,silence
3952,silence
3953,silence
3954,silence
3955,silence
3956,silence
3957,silence
3958,silence
3959,silence
3960,silence
3961,silence
3962,silence
3963,silence
3964,silence
3965,silence
3966,silence
3967,silence
3968,silence
3969,silence
3970,silence
3971,silence
3972,silence
3973,silence
3974,silence
3975,silence
3976,silence
3977,silence
3978,silence
3979,silence
3980,silence
3981,silence
3982,silence
3983,silence
3984,silence
3985,silence
3986,silence
3987,silence
3988,silence
3989,silence
3990,silence
3991,silence
3992,silence
3993,silence
3994,silence
3995,silence
3996,silence
3997,silence
3998,silence
3999,silence
4000,silence
4001,silence
4002,silence
4003,silence
4004,silence
4005,silence
4006,silence
4007,silence
4008,silence
4009,silence
4010,silence
4011,silence
4012,silence
4013,silence
4014,silence
4015,silence
4016,silence
4017,silence
4018,silence
4019,silence
4020,silence
4021,silence
4022,silence
4023,silence
4024,silence
4025,silence
4026,silence
4027,silence
4028,silence
4029,silence
4030,silence
4031,silence
4032,silence
4033,silence
4034,silence
4035,silence
4036,silence
4037,silence
4038,silence
4039,silence
4040,silence
4041,silence
4042,silence
4043,silence
4044,silence
4045,silence
4046,silence
4047,silence
4048,silence
4049,silence
4050,silence
4051,silence
4052,silence
4053,silence
4054,silence
4055,silence
4056,silence
4057,silence
4058,silence
4059,silence
4060,silence
4061,silence
4062,silence
4063,silence
4064,silence
4065,silence
4066,silence
4067,silence
4068,silence
4069,silence
4070,silence
4071,silence
4072,silence
4073,silence
4074,silence
4075,silence
4076,silence
4077,silence
4078,silence
4079,silence
4080,silence
4081,silence
4082,silence
4083,silence
4084,silence
4085,silence
4086,silence
4087,silence
4088,silence
4089,silence
4090,silence
4091,silence
4092,silence
4093,silence
4094,silence
4095,silence
4096,silence
4097,silence
4098,silence
4099,silence
4100,silence
4101,silence
4102,silence
4103,silence
4104,silence
4105,silence
4106,silence
4107,silence
4108,silence
4109,silence
4110,silence
4111,silence
4112,silence
4113,silence
4114,silence
4115,silence
4116,silence
4117,silence
4118,silence
4119,silence
4120,silence
4121,silence
4122,silence
4123,silence
4124,silence
4125,silence
4126,silence
4127,silence
4128,silence
4129,silence
4130,silence
4131,silence
4132,silence
4133,silence
4134,silence
4135,silence
4136,silence
4137,silence
4138,silence
4139,silence
4140,silence
4141,silence
4142,silence
4143,silence
4144,silence
4145,silence
4146,silence
4147,silence
4148,silence
4149,silence
4150,silence
4151,silence
4152,silence
4153,silence
4154,silence
4155,silence
4156,silence
4157,silence
4158,silence
4159,silence
4160,silence
4161,silence
4162,silence
4163,silence
4164,silence
4165,silence
4166,silence
4167,silence
4168,silence
4169,silence
4170,silence
4171,silence
4172,silence
4173,silence
4174,silence
4175,silence
4176,silence
4177,silence
4178,silence
4179,silence
4180,silence
4181,silence
4182,silence
4183,silence
4184,silence
4185,silence
4186,silence
4187,silence
4188,silence
4189,silence
4190,silence
4191,silence
4192,silence
4193,silence
4194,silence
4195,silence
4196,silence
4197,silence
4198,silence
4199,silence
4200,silence
4201,silence
4202,silence
4203,silence
4204,silence
4205,silence
4206,silence
4207,silence
4208,silence
4209,silence
4210,silence
4211,silence
4212,silence
4213,silence
4214,silence
4215,silence
4216,silence
4217,silence
4218,silence
4219,silence
4220,silence
4221,silence
4222,silence
4223,silence
4224,silence
4225,silence
4226,silence
4227,silence
4228,silence
4229,silence
4230,silence
4231,silence
4232,silence
4233,silence
4234,silence
4235,silence
4236,silence
4237,silence
4238,silence
4239,silence
4240,silence
4241,silence
4242,silence
4243,silence
4244,silence
4245,silence
4246,silence
4247,silence
4248,silence
4249,silence
4250,silence
4251,silence
4252,silence
4253,silence
4254,silence
4255,silence
4256,silence
4257,silence
4258,silence
4259,silence
4260,silence
4261,silence
4262,silence
4263,silence
4264,silence
4265,silence
4266,silence
4267,silence
4268,silence
4269,silence
4270,silence
4271,silence
4272,silence
4273,silence
4274,silence
4275,silence
4276,silence
4277,silence
4278,silence
4279,silence
4280,silence
4281,silence
4282,silence
4283,silence
4284,silence
4285,silence
4286,silence
4287,silence
4288,silence
4289,silence
4290,silence
4291,silence
4292,silence
4293,silence
4294,silence
4295,silence
4296,silence
4297,silence
4298,silence
4299,silence
4300,silence
4301,silence
4302,silence
4303,silence
4304,silence
4305,silence
4306,silence
4307,silence
4308,silence
4309,silence
4310,silence
4311,silence
4312,silence
4313,silence
4314,silence
4315,silence
4316,silence
4317,silence
4318,silence
4319,silence
4320,silence
4321,silence
4322,silence
4323,silence
4324,silence
4325,silence
4326,silence
4327,silence
4328,silence
4329,silence
4330,silence
4331,silence
4332,silence
4333,silence
4334,silence
4335,silence
4336,silence
4337,silence
4338,silence
4339,silence
4340,silence
4341,silence
4342,silence
4343,silence
4344,silence
4345,silence
4346,silence
4347,silence
4348,silence
4349,silence
4350,silence
4351,silence
4352,silence
4353,silence
4354,silence
4355,silence
4356,silence
4357,silence
4358,silence
4359,silence
4360,silence
4361,silence
4362,silence
4363,silence
4364,silence
4365,silence
4366,silence
4367,silence
4368,silence
4369,silence
4370,silence
4371,silence
4372,silence
4373,silence
4374,silence
4375,silence
4376,silence
4377,silence
4378,silence
4379,silence
4380,silence
4381,silence
4382,silence
4383,silence
4384,silence
4385,silence
4386,silence
4387,silence
4388,silence
4389,silence
4390,silence
4391,silence
4392,silence
4393,silence
4394,silence
4395,silence
4396,silence
4397,silence
4398,silence
4399,silence
4400,silence
4401,silence
4402,silence
4403,silence
4404,silence
4405,silence
4406,silence
4407,silence
4408,silence
4409,silence
4410,silence
4411,silence
4412,silence
4413,silence
4414,silence
4415,silence
4416,silence
4417,silence
4418,silence
4419,silence
4420,silence
4421,silence
4422,silence
4423,silence
4424,silence
4425,silence
4426,silence
4427,silence
4428,silence
4429,silence
4430,silence
4431,silence
4432,silence
4433,silence
4434,silence
4435,silence
4436,silence
4437,silence
4438,silence
4439,silence
4440,silence
4441,silence
4442,silence
4443,silence
4444,silence
4445,silence
4446,silence
4447,silence
4448,silence
4449,silence
4450,silence
4451,silence
4452,silence
4453,silence
4454,silence
4455,silence
4456,silence
4457,silence
4458,silence
4459,silence
4460,silence
4461,silence
4462,silence
4463,silence
4464,silence
4465,silence
4466,silence
4467,silence
4468,silence
4469,silence
4470,silence
4471,silence
4472,silence
4473,silence
4474,silence
4475,silence
4476,silence
4477,silence
4478,silence
4479,silence
4480,silence
4481,silence
4482,silence
4483,silence
4484,silence
4485,silence
4486,silence
4487,silence
4488,silence
4489,silence
4490,silence
4491,silence
4492,silence
4493,silence
4494,silence
4495,silence
4496,silence
4497,silence
4498,silence
4499,silence
4500,silence
4501,silence
4502,silence
4503,silence
4504,silence
4505,silence
4506,silence
4507,silence
4508,silence
4509,silence
4510,silence
4511,silence
4512,silence
4513,silence
4514,silence
4515,silence
4516,silence
4517,silence
4518,silence
4519,silence
4520,silence
4521,silence
4522,silence
4523,silence
4524,silence
4525,silence
4526,silence
4527,silence
4528,silence
4529,silence
4530,silence
4531,silence
4532,silence
4533,silence
4534,silence
4535,silence
4536,silence
4537,silence
4538,silence
4539,silence
4540,silence
4541,silence
4542,silence
4543,silence
4544,silence
4545,silence
4546,silence
4547,silence
4548,silence
4549,silence
4550,silence
4551,silence
4552,silence
4553,silence
4554,silence
4555,silence
4556,silence
4557,silence
4558,silence
4559,silence
4560,silence
4561,silence
4562,silence
4563,silence
4564,silence
4565,silence
4566,silence
4567,silence
4568,silence
4569,silence
4570,silence
4571,silence
4572,silence
4573,silence
4574,silence
4575,silence
4576,silence
4577,silence
4578,silence
4579,silence
4580,silence
4581,silence
4582,silence
4583,silence
4584,silence
4585,silence
4586,silence
4587,silence
4588,silence
4589,silence
4590,silence
4591,silence
4592,silence
4593,silence
4594,silence
4595,silence
4596,silence
4597,silence
4598,silence
4599,silence
4600,silence
4601,silence
4602,silence
4603,silence
4604,silence
4605,silence
4606,silence
4607,silence
4608,silence
4609,silence
4610,silence
4611,silence
4612,silence
4613,silence
4614,silence
4615,silence
4616,silence
4617,silence
4618,silence
4619,silence
4620,silence
4621,silence
4622,silence
4623,silence
4624,silence
4625,silence
4626,silence
4627,silence
4628,silence
4629,silence
4630,silence
4631,silence
4632,silence
4633,silence
4634,silence
4635,silence
4636,silence
4637,silence
4638,silence
4639,silence
4640,silence
4641,silence
4642,silence
4643,silence
4644,silence
4645,silence
4646,silence
4647,silence
4648,silence
4649,silence
4650,silence
4651,silence
4652,silence
4653,silence
4654,silence
4655,silence
4656,silence
4657,silence
4658,silence
4659,silence
4660,silence
4661,silence
4662,silence
4663,silence
4664,silence
4665,silence
4666,silence
4667,silence
4668,silence
4669,silence
4670,silence
4671,silence
4672,silence
4673,silence
4674,silence
4675,silence
4676,silence
4677,silence
4678,silence
4679,silence
4680,silence
4681,silence
4682,silence
4683,silence
4684,silence
4685,silence
4686,silence
4687,silence
4688,silence
4689,silence
4690,silence
4691,silence
4692,silence
4693,silence
4694,silence
4695,silence
4696,silence
4697,silence
4698,silence
4699,silence
4700,silence
4701,silence
4702,silence
4703,silence
4704,silence
4705,silence
4706,silence
4707,silence
4708,silence
4709,silence
4710,silence
4711,silence
4712,silence
4713,silence
4714,silence
4715,silence
4716,silence
4717,silence
4718,silence
4719,silence
4720,silence
4721,silence
4722,silence
4723,silence
4724,silence
4725,silence
4726,silence
4727,silence
4728,silence
4729,silence
4730,silence
4731,silence
4732,silence
4733,silence
4734,silence
4735,silence
4736,silence
4737,silence
4738,silence
4739,silence
4740,silence
4741,silence
4742,silence
4743,silence
4744,silence
4745,silence
4746,silence
4747,silence
4748,silence
4749,silence
4750,silence
4751,silence
4752,silence
4753,silence
4754,silence
4755,silence
4756,silence
4757,silence
4758,silence
4759,silence
4760,silence
4761,silence
4762,silence
4763,silence
4764,silence
4765,silence
4766,silence
4767,silence
4768,silence
4769,silence
4770,silence
4771,silence
4772,silence
4773,silence
4774,silence
4775,silence
4776,silence
4777,silence
4778,silence
4779,silence
4780,silence
4781,silence
4782,silence
4783,silence
4784,silence
4785,silence
4786,silence
4787,silence
4788,silence
4789,silence
4790,silence
4791,silence
4792,silence
4793,silence
4794,silence
4795,silence
4796,silence
4797,silence
4798,silence
4799,silence
4800,silence
4801,silence
4802,silence
4803,silence
4804,silence
4805,silence
4806,silence
4807,silence
4808,silence
4809,silence
4810,silence
4811,silence
4812,silence
4813,silence
4814,silence
4815,silence
4816,silence
4817,silence
4818,silence
4819,silence
4820,silence
4821,silence
4822,silence
4823,silence
4824,silence
4825,silence
4826,silence
4827,silence
4828,silence
4829,silence
4830,silence
4831,silence
4832,silence
4833,silence
4834,silence
4835,silence
4836,silence
4837,silence
4838,silence
4839,silence
4840,silence
4841,silence
4842,silence
4843,silence
4844,silence
4845,silence
4846,silence
4847,silence
4848,silence
4849,silence
4850,silence
4851,silence
4852,silence
4853,silence
4854,silence
4855,silence
4856,silence
4857,silence
4858,silence
4859,silence
4860,silence
4861,silence
4862,silence
4863,silence
4864,silence
4865,silence
4866,silence
4867,silence
4868,silence
4869,silence
4870,silence
4871,silence
4872,silence
4873,silence
4874,silence
4875,silence
4876,silence
4877,silence
4878,silence
4879,silence
4880,silence
4881,silence
4882,silence
4883,silence
4884,silence
4885,silence
4886,silence
4887,silence
4888,silence
4889,silence
4890,silence
4891,silence
4892,silence
4893,silence
4894,silence
4895,silence
4896,silence
4897,silence
4898,silence
4899,silence
4900,silence
4901,silence
4902,silence
4903,silence
4904,silence
4905,silence
4906,silence
4907,silence
4908,silence
4909,silence
4910,silence
4911,silence
4912,silence
4913,silence
4914,silence
4915,silence
4916,silence
4917,silence
4918,silence
4919,silence
4920,silence
4921,silence
4922,silence
4923,silence
4924,silence
4925,silence
4926,silence
4927,silence
4928,silence
4929,silence
4930,silence
4931,silence
4932,silence
4933,silence
4934,silence
4935,silence
4936,silence
4937,silence
4938,silence
4939,silence
4940,silence
4941,silence
4942,silence
4943,silence
4944,silence
4945,silence
4946,silence
4947,silence
4948,silence
4949,silence
4950,silence
4951,silence
4952,silence
4953,silence
4954,silence
4955,silence
4956,silence
4957,silence
4958,silence
4959,silence
4960,silence
4961,silence
4962,silence
4963,silence
4964,silence
4965,silence
4966,silence
4967,silence
4968,silence
4969,silence
4970,silence
4971,silence
4972,silence
4973,silence
4974,silence
4975,silence
4976,silence
4977,silence
4978,silence
4979,silence
4980,silence
4981,silence
4982,silence
4983,silence
4984,silence
4985,silence
4986,silence
4987,silence
4988,silence
4989,silence
4990,silence
4991,silence
4992,silence
4993,silence
4994,silence
4995,silence
4996,silence
4997,silence
4998,silence
4999,silence
5000,silence
5001,silence
5002,silence
5003,silence
5004,silence
5005,silence
5006,silence
5007,silence
5008,silence
5009,silence
5010,silence
5011,silence
5012,silence
5013,silence
5014,silence
5015,silence
5016,silence
5017,silence
5018,silence
5019,silence
5020,silence
5021,silence
5022,silence
5023,silence
5024,silence
5025,silence
5026,silence
5027,silence
5028,silence
5029,silence
5030,silence
5031,silence
5032,silence
5033,silence
5034,silence
5035,silence
5036,silence
5037,silence
5038,silence
5039,silence
5040,silence
5041,silence
5042,silence
5043,silence
5044,silence
5045,silence
5046,silence
5047,silence
5048,silence
5049,silence
5050,silence
5051,silence
5052,silence
5053,silence
5054,silence
5055,silence
5056,silence
5057,silence
5058,silence
5059,silence
5060,silence
5061,silence
5062,silence
5063,silence
5064,silence
5065,silence
5066,silence
5067,silence
5068,silence
5069,silence
5070,silence
5071,silence
5072,silence
5073,silence
5074,silence
5075,silence
5076,silence
5077,silence
5078,silence
5079,silence
5080,silence
5081,silence
5082,silence
5083,silence
5084,silence
5085,silence
5086,silence
5087,silence
5088,silence
5089,silence
5090,silence
5091,silence
5092,silence
5093,silence
5094,silence
5095,silence
5096,silence
5097,silence
5098,silence
5099,silence
5100,silence
5101,silence
5102,silence
5103,silence
5104,silence
5105,silence
5106,silence
5107,silence
5108,silence
5109,silence
5110,silence
5111,silence
5112,silence
5113,silence
5114,silence
5115,silence
5116,silence
5117,silence
5118,silence
5119,silence
5120,silence
5121,silence
5122,silence
5123,silence
5124,silence
5125,silence
5126,silence
5127,silence
5128,silence
5129,silence
5130,silence
5131,silence
5132,silence
5133,silence
5134,silence
5135,silence
5136,silence
5137,silence
5138,silence
5139,silence
5140,silence
5141,silence
5142,silence
5143,silence
5144,silence
5145,silence
5146,silence
5147,silence
5148,silence
5149,silence
5150,silence
5151,silence
5152,silence
5153,silence
5154,silence
5155,silence
5156,silence
5157,silence
5158,silence
5159,silence
5160,silence
5161,silence
5162,silence
5163,silence
5164,silence
5165,silence
5166,silence
5167,silence
5168,silence
5169,silence
5170,silence
5171,silence
5172,silence
5173,silence
5174,silence
5175,silence
5176,silence
5177,silence
5178,silence
5179,silence
5180,silence
5181,silence
5182,silence
5183,silence
5184,silence
5185,silence
5186,silence
5187,silence
5188,silence
5189,silence
5190,silence
5191,silence
5192,silence
5193,silence
5194,silence
5195,silence
5196,silence
5197,silence
5198,silence
5199,silence
5200,silence
5201,silence
5202,silence
5203,silence
5204,silence
5205,silence
5206,silence
5207,silence
5208,silence
5209,silence
5210,silence
5211,silence
5212,silence
5213,silence
5214,silence
5215,silence
5216,silence
5217,silence
5218,silence
5219,silence
5220,silence
5221,silence
5222,silence
5223,silence
5224,silence
5225,silence
5226,silence
5227,silence
5228,silence
5229,silence
5230,silence
5231,silence
5232,silence
5233,silence
5234,silence
5235,silence
5236,silence
5237,silence
5238,silence
5239,silence
5240,silence
5241,silence
5242,silence
5243,silence
5244,silence
5245,silence
5246,silence
5247,silence
5248,silence
5249,silence
5250,silence
5251,silence
5252,silence
5253,silence
5254,silence
5255,silence
5256,silence
5257,silence
5258,silence
5259,silence
5260,silence
5261,silence
5262,silence
5263,silence
5264,silence
5265,silence
5266,silence
5267,silence
5268,silence
5269,silence
5270,silence
5271,silence
5272,silence
5273,silence
5274,silence
5275,silence
5276,silence
5277,silence
5278,silence
5279,silence
5280,silence
5281,silence
5282,silence
5283,silence
5284,silence
5285,silence
5286,silence
5287,silence
5288,silence
5289,silence
5290,silence
5291,silence
5292,silence
5293,silence
5294,silence
5295,silence
5296,silence
5297,silence
5298,silence
5299,silence
5300,silence
5301,silence
5302,silence
5303,silence
5304,silence
5305,silence
5306,silence
5307,silence
5308,silence
5309,silence
5310,silence
5311,silence
5312,silence
5313,silence
5314,silence
5315,silence
5316,silence
5317,silence
5318,silence
5319,silence
5320,silence
5321,silence
5322,silence
5323,silence
5324,silence
5325,silence
5326,silence
5327,silence
5328,silence
5329,silence
5330,silence
5331,silence
5332,silence
5333,silence
5334,silence
5335,silence
5336,silence
5337,silence
5338,silence
5339,silence
5340,silence
5341,silence
5342,silence
5343,silence
5344,silence
5345,silence
5346,silence
5347,silence
5348,silence
5349,silence
5350,silence
5351,silence
5352,silence
5353,silence
5354,silence
5355,silence
5356,silence
5357,silence
5358,silence
5359,silence
5360,silence
5361,silence
5362,silence
5363,silence
5364,silence
5365,silence
5366,silence
5367,silence
5368,silence
5369,silence
5370,silence
5371,silence
5372,silence
5373,silence
5374,silence
5375,silence
5376,silence
5377,silence
5378,silence
5379,silence
5380,silence
5381,silence
5382,silence
5383,silence
5384,silence
5385,silence
5386,silence
5387,silence
5388,silence
5389,silence
5390,silence
5391,silence
5392,silence
5393,silence
5394,silence
5395,silence
5396,silence
5397,silence
5398,silence
5399,silence
5400,silence
5401,silence
5402,silence
5403,silence
5404,silence
5405,silence
5406,silence
5407,silence
5408,silence
5409,silence
5410,silence
5411,silence
5412,silence
5413,silence
5414,silence
5415,silence
5416,silence
5417,silence
5418,silence
5419,silence
5420,silence
5421,silence
5422,silence
5423,silence
5424,silence
5425,silence
5426,silence
5427,silence
5428,silence
5429,silence
5430,silence
5431,silence
5432,silence
5433,silence
5434,silence
5435,silence
5436,silence
5437,silence
5438,silence
5439,silence
5440,silence
5441,silence
5442,silence
5443,silence
5444,silence
5445,silence
5446,silence
5447,silence
5448,silence
5449,silence
5450,silence
5451,silence
5452,silence
5453,silence
5454,silence
5455,silence
5456,silence
5457,silence
5458,silence
5459,silence
5460,silence
5461,silence
5462,silence
5463,silence
5464,silence
5465,silence
5466,silence
5467,silence
5468,silence
5469,silence
5470,silence
5471,silence
5472,silence
5473,silence
5474,silence
5475,silence
5476,silence
5477,silence
5478,silence
5479,silence
5480,silence
5481,silence
5482,silence
5483,silence
5484,silence
5485,silence
5486,silence
5487,silence
5488,silence
5489,silence
5490,silence
5491,silence
5492,silence
5493,silence
5494,silence
5495,silence
5496,silence
5497,silence
5498,silence
5499,silence
5500,silence
5501,silence
5502,silence
5503,silence
5504,silence
5505,silence
5506,silence
5507,silence
5508,silence
5509,silence
5510,silence
5511,silence
5512,silence
5513,silence
5514,silence
5515,silence
5516,silence
5517,silence
5518,silence
5519,silence
5520,silence
5521,silence
5522,silence
5523,silence
5524,silence
5525,silence
5526,silence
5527,silence
5528,silence
5529,silence
5530,silence
5531,silence
5532,silence
5533,silence
5534,silence
5535,silence
5536,silence
5537,silence
5538,silence
5539,silence
5540,silence
5541,silence
5542,silence
5543,silence
5544,silence
5545,silence
5546,silence
5547,silence
5548,silence
5549,silence
5550,silence
5551,silence
5552,silence
5553,silence
5554,silence
5555,silence
5556,silence
5557,silence
5558,silence
5559,silence
5560,silence
5561,silence
5562,silence
5563,silence
5564,silence
5565,silence
5566,silence
5567,silence
5568,silence
5569,silence
5570,silence
5571,silence
5572,silence
5573,silence
5574,silence
5575,silence
5576,silence
5577,silence
5578,silence
5579,silence
5580,silence
5581,silence
5582,silence
5583,silence
5584,silence
5585,silence
5586,silence
5587,silence
5588,silence
5589,silence
5590,silence
5591,silence
5592,silence
5593,silence
5594,silence
5595,silence
5596,silence
5597,silence
5598,silence
5599,silence
5600,silence
5601,silence
5602,silence
5603,silence
5604,silence
5605,silence
5606,silence
5607,silence
5608,silence
5609,silence
5610,silence
5611,silence
5612,silence
5613,silence
5614,silence
5615,silence
5616,silence
5617,silence
5618,silence
5619,silence
5620,silence
5621,silence
5622,silence
5623,silence
5624,silence
5625,silence
5626,silence
5627,silence
5628,silence
5629,silence
5630,silence
5631,silence
5632,silence
5633,silence
5634,silence
5635,silence
5636,silence
5637,silence
5638,silence
5639,silence
5640,silence
5641,silence
5642,silence
5643,silence
5644,silence
5645,silence
5646,silence
5647,silence
5648,silence
5649,silence
5650,silence
5651,silence
5652,silence
5653,silence
5654,silence
5655,silence
5656,silence
5657,silence
5658,silence
5659,silence
5660,silence
5661,silence
5662,silence
5663,silence
5664,silence
5665,silence
5666,silence
5667,silence
5668,silence
5669,silence
5670,silence
5671,silence
5672,silence
5673,silence
5674,silence
5675,silence
5676,silence
5677,silence
5678,silence
5679,silence
5680,silence
5681,silence
5682,silence
5683,silence
5684,silence
5685,silence
5686,silence
5687,silence
5688,silence
5689,silence
5690,silence
5691,silence
5692,silence
5693,silence
5694,silence
5695,silence
5696,silence
5697,silence
5698,silence
5699,silence
5700,silence
5701,silence
5702,silence
5703,silence
5704,silence
5705,silence
5706,silence
5707,silence
5708,silence
5709,silence
5710,silence
5711,silence
5712,silence
5713,silence
5714,silence
5715,silence
5716,silence
5717,silence
5718,silence
5719,silence
5720,silence
5721,silence
5722,silence
5723,silence
5724,silence
5725,silence
5726,silence
5727,silence
5728,silence
5729,silence
5730,silence
5731,silence
5732,silence
5733,silence
5734,silence
5735,silence
5736,silence
5737,silence
5738,silence
5739,silence
5740,silence
5741,silence
5742,silence
5743,silence
5744,silence
5745,silence
5746,silence
5747,silence
5748,silence
5749,silence
5750,silence
5751,silence
5752,silence
5753,silence
5754,silence
5755,silence
5756,silence
5757,silence
5758,silence
5759,silence
5760,silence
5761,silence
5762,silence
5763,silence
5764,silence
5765,silence
5766,silence
5767,silence
5768,silence
5769,silence
5770,silence
5771,silence
5772,silence
5773,silence
5774,silence
5775,silence
5776,silence
5777,silence
5778,silence
5779,silence
5780,silence
5781,silence
5782,silence
5783,silence
5784,silence
5785,silence
5786,silence
5787,silence
5788,silence
5789,silence
5790,silence
5791,silence
5792,silence
5793,silence
5794,silence
5795,silence
5796,silence
5797,silence
5798,silence
5799,silence
5800,silence
5801,silence
5802,silence
5803,silence
5804,silence
5805,silence
5806,silence
5807,silence
5808,silence
5809,silence
5810,silence
5811,silence
5812,silence
5813,silence
5814,silence
5815,silence
5816,silence
5817,silence
5818,silence
5819,silence
5820,silence
5821,silence
5822,silence
5823,silence
5824,silence
5825,silence
5826,silence
5827,silence
5828,silence
5829,silence
5830,silence
5831,silence
5832,silence
5833,silence
5834,silence
5835,silence
5836,silence
5837,silence
5838,silence
5839,silence
5840,silence
5841,silence
5842,silence
5843,silence
5844,silence
5845,silence
5846,silence
5847,silence
5848,silence
5849,silence
5850,silence
5851,silence
5852,silence
5853,silence
5854,silence
5855,silence
5856,silence
5857,silence
5858,silence
5859,silence
5860,silence
5861,silence
5862,silence
5863,silence
5864,silence
5865,silence
5866,silence
5867,silence
5868,silence
5869,silence
5870,silence
5871,silence
5872,silence
5873,silence
5874,silence
5875,silence
5876,silence
5877,silence
5878,silence
5879,silence
5880,silence
5881,silence
5882,silence
5883,silence
5884,silence
5885,silence
5886,silence
5887,silence
5888,silence
5889,silence
5890,silence
5891,silence
5892,silence
5893,silence
5894,silence
5895,silence
5896,silence
5897,silence
5898,silence
5899,silence
5900,silence
5901,silence
5902,silence
5903,silence
5904,silence
5905,silence
5906,silence
5907,silence
5908,silence
5909,silence
5910,silence
5911,silence
5912,silence
5913,silence
5914,silence
5915,silence
5916,silence
5917,silence
5918,silence
5919,silence
5920,silence
5921,silence
5922,silence
5923,silence
5924,silence
5925,silence
5926,silence
5927,silence
5928,silence
5929,silence
5930,silence
5931,silence
5932,silence
5933,silence
5934,silence
5935,silence
5936,silence
5937,silence
5938,silence
5939,silence
5940,silence
5941,silence
5942,silence
5943,silence
5944,silence
5945,silence
5946,silence
5947,silence
5948,silence
5949,silence
5950,silence
5951,silence
5952,silence
5953,silence
5954,silence
5955,silence
5956,silence
5957,silence
5958,silence
5959,silence
5960,silence
5961,silence
5962,silence
5963,silence
5964,silence
5965,silence
5966,silence
5967,silence
5968,silence
5969,silence
5970,silence
5971,silence
5972,silence
5973,silence
5974,silence
5975,silence
5976,silence
5977,silence
5978,silence
5979,silence
5980,silence
5981,silence
5982,silence
5983,silence
5984,silence
5985,silence
5986,silence
5987,silence
5988,silence
5989,silence
5990,silence
5991,silence
5992,silence
5993,silence
5994,silence
5995,silence
5996,silence
5997,silence
5998,silence
5999,silence
6000,silence
6001,silence
6002,silence
6003,silence
6004,silence
6005,silence
6006,silence
6007,silence
6008,silence
6009,silence
6010,silence
6011,silence
6012,silence
6013,silence
6014,silence
6015,silence
6016,silence
6017,silence
6018,silence
6019,silence
6020,silence
6021,silence
6022,silence
6023,silence
6024,silence
6025,silence
6026,silence
6027,silence
6028,silence
6029,silence
6030,silence
6031,silence
6032,silence
6033,silence
6034,silence
6035,silence
6036,silence
6037,silence
6038,silence
6039,silence
6040,silence
6041,silence
6042,silence
6043,silence
6044,silence
6045,silence
6046,silence
6047,silence
6048,silence
6049,silence
6050,silence
6051,silence
6052,silence
6053,silence
6054,silence
6055,silence
6056,silence
6057,silence
6058,silence
6059,silence
6060,silence
6061,silence
6062,silence
6063,silence
6064,silence
6065,silence
6066,silence
6067,silence
6068,silence
6069,silence
6070,silence
6071,silence
6072,silence
6073,silence
6074,silence
6075,silence
6076,silence
6077,silence
6078,silence
6079,silence
6080,silence
6081,silence
6082,silence
6083,silence
6084,silence
6085,silence
6086,silence
6087,silence
6088,silence
6089,silence
6090,silence
6091,silence
6092,silence
6093,silence
6094,silence
6095,silence
6096,silence
6097,silence
6098,silence
6099,silence
6100,silence
6101,silence
6102,silence
6103,silence
6104,silence
6105,silence
6106,silence
6107,silence
6108,silence
6109,silence
6110,silence
6111,silence
6112,silence
6113,silence
6114,silence
6115,silence
6116,silence
6117,silence
6118,silence
6119,silence
6120,silence
6121,silence
6122,silence
6123,silence
6124,silence
6125,silence
6126,silence
6127,silence
6128,silence
6129,silence
6130,silence
6131,silence
6132,silence
6133,silence
6134,silence
6135,silence
6136,silence
6137,silence
6138,silence
6139,silence
6140,silence
6141,silence
6142,silence
6143,silence
6144,silence
6145,silence
6146,silence
6147,silence
6148,silence
6149,silence
6150,silence
6151,silence
6152,silence
6153,silence
6154,silence
6155,silence
6156,silence
6157,silence
6158,silence
6159,silence
6160,silence
6161,silence
6162,silence
6163,silence
6164,silence
6165,silence
6166,silence
6167,silence
6168,silence
6169,silence
6170,silence
6171,silence
6172,silence
6173,silence
6174,silence
6175,silence
6176,silence
6177,silence
6178,silence
6179,silence
6180,silence
6181,silence
6182,silence
6183,silence
6184,silence
6185,silence
6186,silence
6187,silence
6188,silence
6189,silence
6190,silence
6191,silence
6192,silence
6193,silence
6194,silence
6195,silence
6196,silence
6197,silence
6198,silence
6199,silence
6200,silence
6201,silence
6202,silence
6203,silence
6204,silence
6205,silence
6206,silence
6207,silence
6208,silence
6209,silence
6210,silence
6211,silence
6212,silence
6213,silence
6214,silence
6215,silence
6216,silence
6217,silence
6218,silence
6219,silence
6220,silence
6221,silence
6222,silence
6223,silence
6224,silence
6225,silence
6226,silence
6227,silence
6228,silence
6229,silence
6230,silence
6231,silence
6232,silence
6233,silence
6234,silence
6235,silence
6236,silence
6237,silence
6238,silence
6239,silence
6240,silence
6241,silence
6242,silence
6243,silence
6244,silence
6245,silence
6246,silence
6247,silence
6248,silence
6249,silence
6250,silence
6251,silence
6252,silence
6253,silence
6254,silence
6255,silence
6256,silence
6257,silence
6258,silence
6259,silence
6260,silence
6261,silence
6262,silence
6263,silence
6264,silence
6265,silence
6266,silence
6267,silence
6268,silence
6269,silence
6270,silence
6271,silence
6272,silence
6273,silence
6274,silence
6275,silence
6276,silence
6277,silence
6278,silence
6279,silence
6280,silence
6281,silence
6282,silence
6283,silence
6284,silence
6285,silence
6286,silence
6287,silence
6288,silence
6289,silence
6290,silence
6291,silence
6292,silence
6293,silence
6294,silence
6295,silence
6296,silence
6297,silence
6298,silence
6299,silence
6300,silence
6301,silence
6302,silence
6303,silence
6304,silence
6305,silence
6306,silence
6307,silence
6308,silence
6309,silence
6310,silence
6311,silence
6312,silence
6313,silence
6314,silence
6315,silence
6316,silence
6317,silence
6318,silence
6319,silence
6320,silence
6321,silence
6322,silence
6323,silence
6324,silence
6325,silence
6326,silence
6327,silence
6328,silence
6329,silence
6330,silence
6331,silence
6332,silence
6333,silence
6334,silence
6335,silence
6336,silence
6337,silence
6338,silence
6339,silence
6340,silence
6341,silence
6342,silence
6343,silence
6344,silence
6345,silence
6346,silence
6347,silence
6348,silence
6349,silence
6350,silence
6351,silence
6352,silence
6353,silence
6354,silence
6355,silence
6356,silence
6357,silence
6358,silence
6359,silence
6360,silence
6361,silence
6362,silence
6363,silence
6364,silence
6365,silence
6366,silence
6367,silence
6368,silence
6369,silence
6370,silence
6371,silence
6372,silence
6373,silence
6374,silence
6375,silence
6376,silence
6377,silence
6378,silence
6379,silence
6380,silence
6381,silence
6382,silence
6383,silence
6384,silence
6385,silence
6386,silence
6387,silence
6388,silence
6389,silence
6390,silence
6391,silence
6392,silence
6393,silence
6394,silence
6395,silence
6396,silence
6397,silence
6398,silence
6399,silence
6400,silence
6401,silence
6402,silence
6403,silence
6404,silence
6405,silence
6406,silence
6407,silence
6408,silence
6409,silence
6410,silence
6411,silence
6412,silence
6413,silence
6414,silence
6415,silence
6416,silence
6417,silence
6418,silence
6419,silence
6420,silence
6421,silence
6422,silence
6423,silence
6424,silence
6425,silence
6426,silence
6427,silence
6428,silence
6429,silence
6430,silence
6431,silence
6432,silence
6433,silence
6434,silence
6435,silence
6436,silence
6437,silence
6438,silence
6439,silence
6440,silence
6441,silence
6442,silence
6443,silence
6444,silence
6445,silence
6446,silence
6447,silence
6448,silence
6449,silence
6450,silence
6451,silence
6452,silence
6453,silence
6454,silence
6455,silence
6456,silence
6457,silence
6458,silence
6459,silence
6460,silence
6461,silence
6462,silence
6463,silence
6464,silence
6465,silence
6466,silence
6467,silence
6468,silence
6469,silence
6470,silence
6471,silence
6472,silence
6473,silence
6474,silence
6475,silence
6476,silence
6477,silence
6478,silence
6479,silence
6480,silence
6481,silence
6482,silence
6483,silence
6484,silence
6485,silence
6486,silence
6487,silence
6488,silence
6489,silence
6490,silence
6491,silence
6492,silence
6493,silence
6494,silence
6495,silence
6496,silence
6497,silence
6498,silence
6499,silence
6500,silence
6501,silence
6502,silence
6503,silence
6504,silence
6505,silence
6506,silence
6507,silence
6508,silence
6509,silence
6510,silence
6511,silence
6512,silence
6513,silence
6514,silence
6515,silence
6516,silence
6517,silence
6518,silence
6519,silence
6520,silence
6521,silence
6522,silence
6523,silence
6524,silence
6525,silence
6526,silence
6527,silence
6528,silence
6529,silence
6530,silence
6531,silence
6532,silence
6533,silence
6534,silence
6535,silence
6536,silence
6537,silence
6538,silence
6539,silence
6540,silence
6541,silence
6542,silence
6543,silence
6544,silence
6545,silence
6546,silence
6547,silence
6548,silence
6549,silence
6550,silence
6551,silence
6552,silence
6553,silence
6554,silence
6555,silence
6556,silence
6557,silence
6558,silence
6559,silence
6560,silence
6561,silence
6562,silence
6563,silence
6564,silence
6565,silence
6566,silence
6567,silence
6568,silence
6569,silence
6570,silence
6571,silence
6572,silence
6573,silence
6574,silence
6575,silence
6576,silence
6577,silence
6578,silence
6579,silence
6580,silence
6581,silence
6582,silence
6583,silence
6584,silence
6585,silence
6586,silence
6587,silence
6588,silence
6589,silence
6590,silence
6591,silence
6592,silence
6593,silence
6594,silence
6595,silence
6596,silence
6597,silence
6598,silence
6599,silence
6600,silence
6601,silence
6602,silence
6603,silence
6604,silence
6605,silence
6606,silence
6607,silence
6608,silence
6609,silence
6610,silence
6611,silence
6612,silence
6613,silence
6614,silence
6615,silence
6616,silence
6617,silence
6618,silence
6619,silence
6620,silence
6621,silence
6622,silence
6623,silence
6624,silence
6625,silence
6626,silence
6627,silence
6628,silence
6629,silence
6630,silence
6631,silence
6632,silence
6633,silence
6634,silence
6635,silence
6636,silence
6637,silence
6638,silence
6639,silence
6640,silence
6641,silence
6642,silence
6643,silence
6644,silence
6645,silence
6646,silence
6647,silence
6648,silence
6649,silence
6650,silence
6651,silence
6652,silence
6653,silence
6654,silence
6655,silence
6656,silence
6657,silence
6658,silence
6659,silence
6660,silence
6661,silence
6662,silence
6663,silence
6664,silence
6665,silence
6666,silence
6667,silence
6668,silence
6669,silence
6670,silence
6671,silence
6672,silence
6673,silence
6674,silence
6675,silence
6676,silence
6677,silence
6678,silence
6679,silence
6680,silence
6681,silence
6682,silence
6683,silence
6684,silence
6685,silence
6686,silence
6687,silence
6688,silence
6689,silence
6690,silence
6691,silence
6692,silence
6693,silence
6694,silence
6695,silence
6696,silence
6697,silence
6698,silence
6699,silence
6700,silence
6701,silence
6702,silence
6703,silence
6704,silence
6705,silence
6706,silence
6707,silence
6708,silence
6709,silence
6710,silence
6711,silence
6712,silence
6713,silence
6714,silence
6715,silence
6716,silence
6717,silence
6718,silence
6719,silence
6720,silence
6721,silence
6722,silence
6723,silence
6724,silence
6725,silence
6726,silence
6727,silence
6728,silence
6729,silence
6730,silence
6731,silence
6732,silence
6733,silence
6734,silence
6735,silence
6736,silence
6737,silence
6738,silence
6739,silence
6740,silence
6741,silence
6742,silence
6743,silence
6744,silence
6745,silence
6746,silence
6747,silence
6748,silence
6749,silence
6750,silence
6751,silence
6752,silence
6753,silence
6754,silence
6755,silence
6756,silence
6757,silence
6758,silence
6759,silence
6760,silence
6761,silence
6762,silence
6763,silence
6764,silence
6765,silence
6766,silence
6767,silence
6768,silence
6769,silence
6770,silence
6771,silence
6772,silence
6773,silence
6774,silence
6775,silence
6776,silence
6777,silence
6778,silence
6779,silence
6780,silence
6781,silence
6782,silence
6783,silence
6784,silence
6785,silence
6786,silence
6787,silence
6788,silence
6789,silence
6790,silence
6791,silence
6792,silence
6793,silence
6794,silence
6795,silence
6796,silence
6797,silence
6798,silence
6799,silence
6800,silence
6801,silence
6802,silence
6803,silence
6804,silence
6805,silence
6806,silence
6807,silence
6808,silence
6809,silence
6810,silence
6811,silence
6812,silence
6813,silence
6814,silence
6815,silence
6816,silence
6817,silence
6818,silence
6819,silence
6820,silence
6821,silence
6822,silence
6823,silence
6824,silence
6825,silence
6826,silence
6827,silence
6828,silence
6829,silence
6830,silence
6831,silence
6832,silence
6833,silence
6834,silence
6835,silence
6836,silence
6837,silence
6838,silence
6839,silence
6840,silence
6841,silence
6842,silence
6843,silence
6844,silence
6845,silence
6846,silence
6847,silence
6848,silence
6849,silence
6850,silence
6851,silence
6852,silence
6853,silence
6854,silence
6855,silence
6856,silence
6857,silence
6858,silence
6859,silence
6860,silence
6861,silence
6862,silence
6863,silence
6864,silence
6865,silence
6866,silence
6867,silence
6868,silence
6869,silence
6870,silence
6871,silence
6872,silence
6873,silence
6874,silence
6875,silence
6876,silence
6877,silence
6878,silence
6879,silence
6880,silence
6881,silence
6882,silence
6883,silence
6884,silence
6885,silence
6886,silence
6887,silence
6888,silence
6889,silence
6890,silence
6891,silence
6892,silence
6893,silence
6894,silence
6895,silence
6896,silence
6897,silence
6898,silence
6899,silence
6900,silence
6901,silence
6902,silence
6903,silence
6904,silence
6905,silence
6906,silence
6907,silence
6908,silence
6909,silence
6910,silence
6911,silence
6912,silence
6913,silence
6914,silence
6915,silence
6916,silence
6917,silence
6918,silence
6919,silence
6920,silence
6921,silence
6922,silence
6923,silence
6924,silence
6925,silence
6926,silence
6927,silence
6928,silence
6929,silence
6930,silence
6931,silence
6932,silence
6933,silence
6934,silence
6935,silence
6936,silence
6937,silence
6938,silence
6939,silence
6940,silence
6941,silence
6942,silence
6943,silence
6944,silence
6945,silence
6946,silence
6947,silence
6948,silence
6949,silence
6950,silence
6951,silence
6952,silence
6953,silence
6954,silence
6955,silence
6956,silence
6957,silence
6958,silence
6959,silence
6960,silence
6961,silence
6962,silence
6963,silence
6964,silence
6965,silence
6966,silence
6967,silence
6968,silence
6969,silence
6970,silence
6971,silence
6972,silence
6973,silence
6974,silence
6975,silence
6976,silence
6977,silence
6978,silence
6979,silence
6980,silence
6981,silence
6982,silence
6983,silence
6984,silence
6985,silence
6986,silence
6987,silence
6988,silence
6989,silence
6990,silence
6991,silence
6992,silence
6993,silence
6994,silence
6995,silence
6996,silence
6997,silence
6998,silence
6999,silence
7000,silence
7001,silence
7002,silence
7003,silence
7004,silence
7005,silence
7006,silence
7007,silence
7008,silence
7009,silence
7010,silence
7011,silence
7012,silence
7013,silence
7014,silence
7015,silence
7016,silence
7017,silence
7018,silence
7019,silence
7020,silence
7021,silence
7022,silence
7023,silence
7024,silence
7025,silence
7026,silence
7027,silence
7028,silence
7029,silence
7030,silence
7031,silence
7032,silence
7033,silence
7034,silence
7035,silence
7036,silence
7037,silence
7038,silence
7039,silence
7040,silence
7041,silence
7042,silence
7043,silence
7044,silence
7045,silence
7046,silence
7047,silence
7048,silence
7049,silence
7050,silence
7051,silence
7052,silence
7053,silence
7054,silence
7055,silence
7056,silence
7057,silence
7058,silence
7059,silence
7060,silence
7061,silence
7062,silence
7063,silence
7064,silence
7065,silence
7066,silence
7067,silence
7068,silence
7069,silence
7070,silence
7071,silence
7072,silence
7073,silence
7074,silence
7075,silence
7076,silence
7077,silence
7078,silence
7079,silence
7080,silence
7081,silence
7082,silence
7083,silence
7084,silence
7085,silence
7086,silence
7087,silence
7088,silence
7089,silence
7090,silence
7091,silence
7092,silence
7093,silence
7094,silence
7095,silence
7096,silence
7097,silence
7098,silence
7099,silence
7100,silence
7101,silence
7102,silence
7103,silence
7104,silence
7105,silence
7106,silence
7107,silence
7108,silence
7109,silence
7110,silence
7111,silence
7112,silence
7113,silence
7114,silence
7115,silence
7116,silence
7117,silence
7118,silence
7119,silence
7120,silence
7121,silence
7122,silence
7123,silence
7124,silence
7125,silence
7126,silence
7127,silence
7128,silence
7129,silence
7130,silence
7131,silence
7132,silence
7133,silence
7134,silence
7135,silence
7136,silence
7137,silence
7138,silence
7139,silence
7140,silence
7141,silence
7142,silence
7143,silence
7144,silence
7145,silence
7146,silence
7147,silence
7148,silence
7149,silence
7150,silence
7151,silence
7152,silence
7153,silence
7154,silence
7155,silence
7156,silence
7157,silence
7158,silence
7159,silence
7160,silence
7161,silence
7162,silence
7163,silence
7164,silence
7165,silence
7166,silence
7167,silence
7168,silence
7169,silence
7170,silence
7171,silence
7172,silence
7173,silence
7174,silence
7175,silence
7176,silence
7177,silence
7178,silence
7179,silence
7180,silence
7181,silence
7182,silence
7183,silence
7184,silence
7185,silence
7186,silence
7187,silence
7188,silence
7189,silence
7190,silence
7191,silence
7192,silence
7193,silence
7194,silence
7195,silence
7196,silence
7197,silence
7198,silence
7199,silence
7200,silence
7201,silence
7202,silence
7203,silence
7204,silence
7205,silence
7206,silence
7207,silence
7208,silence
7209,silence
7210,silence
7211,silence
7212,silence
7213,silence
7214,silence
7215,silence
7216,silence
7217,silence
7218,silence
7219,silence
7220,silence
7221,silence
7222,silence
7223,silence
7224,silence
7225,silence
7226,silence
7227,silence
7228,silence
7229,silence
7230,silence
7231,silence
7232,silence
7233,silence
7234,silence
7235,silence
7236,silence
7237,silence
7238,silence
7239,silence
7240,silence
7241,silence
7242,silence
7243,silence
7244,silence
7245,silence
7246,silence
7247,silence
7248,silence
7249,silence
7250,silence
7251,silence
7252,silence
7253,silence
7254,silence
7255,silence
7256,silence
7257,silence
7258,silence
7259,silence
7260,silence
7261,silence
7262,silence
7263,silence
7264,silence
7265,silence
7266,silence
7267,silence
7268,silence
7269,silence
7270,silence
7271,silence
7272,silence
7273,silence
7274,silence
7275,silence
7276,silence
7277,silence
7278,silence
7279,silence
7280,silence
7281,silence
7282,silence
7283,silence
7284,silence
7285,silence
7286,silence
7287,silence
7288,silence
7289,silence
7290,silence
7291,silence
7292,silence
7293,silence
7294,silence
7295,silence
7296,silence
7297,silence
7298,silence
7299,silence
7300,silence
7301,silence
7302,silence
7303,silence
7304,silence
7305,silence
7306,silence
7307,silence
7308,silence
7309,silence
7310,silence
7311,silence
7312,silence
7313,silence
7314,silence
7315,silence
7316,silence
7317,silence
7318,silence
7319,silence
7320,silence
7321,silence
7322,silence
7323,silence
7324,silence
7325,silence
7326,silence
7327,silence
7328,silence
7329,silence
7330,silence
7331,silence
7332,silence
7333,silence
7334,silence
7335,silence
7336,silence
7337,silence
7338,silence
7339,silence
7340,silence
7341,silence
7342,silence
7343,silence
7344,silence
7345,silence
7346,silence
7347,silence
7348,silence
7349,silence
7350,silence
7351,silence
7352,silence
7353,silence
7354,silence
7355,silence
7356,silence
7357,silence
7358,silence
7359,silence
7360,silence
7361,silence
7362,silence
7363,silence
7364,silence
7365,silence
7366,silence
7367,silence
7368,silence
7369,silence
7370,silence
7371,silence
7372,silence
7373,silence
7374,silence
7375,silence
7376,silence
7377,silence
7378,silence
7379,silence
7380,silence
7381,silence
7382,silence
7383,silence
7384,silence
7385,silence
7386,silence
7387,silence
7388,silence
7389,silence
7390,silence
7391,silence
7392,silence
7393,silence
7394,silence
7395,silence
7396,silence
7397,silence
7398,silence
7399,silence
7400,silence
7401,silence
7402,silence
7403,silence
7404,silence
7405,silence
7406,silence
7407,silence
7408,silence
7409,silence
7410,silence
7411,silence
7412,silence
7413,silence
7414,silence
7415,silence
7416,silence
7417,silence
7418,silence
7419,silence
7420,silence
7421,silence
7422,silence
7423,silence
7424,silence
7425,silence
7426,silence
7427,silence
7428,silence
7429,silence
7430,silence
7431,silence
7432,silence
7433,silence
7434,silence
7435,silence
7436,silence
7437,silence
7438,silence
7439,silence
7440,silence
7441,silence
7442,silence
7443,silence
7444,silence
7445,silence
7446,silence
7447,silence
7448,silence
7449,silence
7450,silence
7451,silence
7452,silence
7453,silence
7454,silence
7455,silence
7456,silence
7457,silence
7458,silence
7459,silence
7460,silence
7461,silence
7462,silence
7463,silence
7464,silence
7465,silence
7466,silence
7467,silence
7468,silence
7469,silence
7470,silence
7471,silence
7472,silence
7473,silence
7474,silence
7475,silence
7476,silence
7477,silence
7478,silence
7479,silence
7480,silence
7481,silence
7482,silence
7483,silence
7484,silence
7485,silence
7486,silence
7487,silence
7488,silence
7489,silence
7490,silence
7491,silence
7492,silence
7493,silence
7494,silence
7495,silence
7496,silence
7497,silence
7498,silence
7499,silence
7500,silence
7501,silence
7502,silence
7503,silence
7504,silence
7505,silence
7506,silence
7507,silence
7508,silence
7509,silence
7510,silence
7511,silence
7512,silence
7513,silence
7514,silence
7515,silence
7516,silence
7517,silence
7518,silence
7519,silence
7520,silence
7521,silence
7522,silence
7523,silence
7524,silence
7525,silence
7526,silence
7527,silence
7528,silence
7529,silence
7530,silence
7531,silence
7532,silence
7533,silence
7534,silence
7535,silence
7536,silence
7537,silence
7538,silence
7539,silence
7540,silence
7541,silence
7542,silence
7543,silence
7544,silence
7545,silence
7546,silence
7547,silence
7548,silence
7549,silence
7550,silence
7551,silence
7552,silence
7553,silence
7554,silence
7555,silence
7556,silence
7557,silence
7558,silence
7559,silence
7560,silence
7561,silence
7562,silence
7563,silence
7564,silence
7565,silence
7566,silence
7567,silence
7568,silence
7569,silence
7570,silence
7571,silence
7572,silence
7573,silence
7574,silence
7575,silence
7576,silence
7577,silence
7578,silence
7579,silence
7580,silence
7581,silence
7582,silence
7583,silence
7584,silence
7585,silence
7586,silence
7587,silence
7588,silence
7589,silence
7590,silence
7591,silence
7592,silence
7593,silence
7594,silence
7595,silence
7596,silence
7597,silence
7598,silence
7599,silence
7600,silence
7601,silence
7602,silence
7603,silence
7604,silence
7605,silence
7606,silence
7607,silence
7608,silence
7609,silence
7610,silence
7611,silence
7612,silence
7613,silence
7614,silence
7615,silence
7616,silence
7617,silence
7618,silence
7619,silence
7620,silence
7621,silence
7622,silence
7623,silence
7624,silence
7625,silence
7626,silence
7627,silence
7628,silence
7629,silence
7630,silence
7631,silence
7632,silence
7633,silence
7634,silence
7635,silence
7636,silence
7637,silence
7638,silence
7639,silence
7640,silence
7641,silence
7642,silence
7643,silence
7644,silence
7645,silence
7646,silence
7647,silence
7648,silence
7649,silence
7650,silence
7651,silence
7652,silence
7653,silence
7654,silence
7655,silence
7656,silence
7657,silence
7658,silence
7659,silence
7660,silence
7661,silence
7662,silence
7663,silence
7664,silence
7665,silence
7666,silence
7667,silence
7668,silence
7669,silence
7670,silence
7671,silence
7672,silence
7673,silence
7674,silence
7675,silence
7676,silence
7677,silence
7678,silence
7679,silence
7680,silence
7681,silence
7682,silence
7683,silence
7684,silence
7685,silence
7686,silence
7687,silence
7688,silence
7689,silence
7690,silence
7691,silence
7692,silence
7693,silence
7694,silence
7695,silence
7696,silence
7697,silence
7698,silence
7699,silence
7700,silence
7701,silence
7702,silence
7703,silence
7704,silence
7705,silence
7706,silence
7707,silence
7708,silence
7709,silence
7710,silence
7711,silence
7712,silence
7713,silence
7714,silence
7715,silence
7716,silence
7717,silence
7718,silence
7719,silence
7720,silence
7721,silence
7722,silence
7723,silence
7724,silence
7725,silence
7726,silence
7727,silence
7728,silence
7729,silence
7730,silence
7731,silence
7732,silence
7733,silence
7734,silence
7735,silence
7736,silence
7737,silence
7738,silence
7739,silence
7740,silence
7741,silence
7742,silence
7743,silence
7744,silence
7745,silence
7746,silence
7747,silence
7748,silence
7749,silence
7750,silence
7751,silence
7752,silence
7753,silence
7754,silence
7755,silence
7756,silence
7757,silence
7758,silence
7759,silence
7760,silence
7761,silence
7762,silence
7763,silence
7764,silence
7765,silence
7766,silence
7767,silence
7768,silence
7769,silence
7770,silence
7771,silence
7772,silence
7773,silence
7774,silence
7775,silence
7776,silence
7777,silence
7778,silence
7779,silence
7780,silence
7781,silence
7782,silence
7783,silence
7784,silence
7785,silence
7786,silence
7787,silence
7788,silence
7789,silence
7790,silence
7791,silence
7792,silence
7793,silence
7794,silence
7795,silence
7796,silence
7797,silence
7798,silence
7799,silence
7800,silence
7801,silence
7802,silence
7803,silence
7804,silence
7805,silence
7806,silence
7807,silence
7808,silence
7809,silence
7810,silence
7811,silence
7812,silence
7813,silence
7814,silence
7815,silence
7816,silence
7817,silence
7818,silence
7819,silence
7820,silence
7821,silence
7822,silence
7823,silence
7824,silence
7825,silence
7826,silence
7827,silence
7828,silence
7829,silence
7830,silence
7831,silence
7832,silence
7833,silence
7834,silence
7835,silence
7836,silence
7837,silence
7838,silence
7839,silence
7840,silence
7841,silence
7842,silence
7843,silence
7844,silence
7845,silence
7846,silence
7847,silence
7848,silence
7849,silence
7850,silence
7851,silence
7852,silence
7853,silence
7854,silence
7855,silence
7856,silence
7857,silence
7858,silence
7859,silence
7860,silence
7861,silence
7862,silence
7863,silence
7864,silence
7865,silence
7866,silence
7867,silence
7868,silence
7869,silence
7870,silence
7871,silence
7872,silence
7873,silence
7874,silence
7875,silence
7876,silence
7877,silence
7878,silence
7879,silence
7880,silence
7881,silence
7882,silence
7883,silence
7884,silence
7885,silence
7886,silence
7887,silence
7888,silence
7889,silence
7890,silence
7891,silence
7892,silence
7893,silence
7894,silence
7895,silence
7896,silence
7897,silence
7898,silence
7899,silence
7900,silence
7901,silence
7902,silence
7903,silence
7904,silence
7905,silence
7906,silence
7907,silence
7908,silence
7909,silence
7910,silence
7911,silence
7912,silence
7913,silence
7914,silence
7915,silence
7916,silence
7917,silence
7918,silence
7919,silence
7920,silence
7921,silence
7922,silence
7923,silence
7924,silence
7925,silence
7926,silence
7927,silence
7928,silence
7929,silence
7930,silence
7931,silence
7932,silence
7933,silence
7934,silence
7935,silence
7936,silence
7937,silence
7938,silence
7939,silence
7940,silence
7941,silence
7942,silence
7943,silence
7944,silence
7945,silence
7946,silence
7947,silence
7948,silence
7949,silence
7950,silence
7951,silence
7952,silence
7953,silence
7954,silence
7955,silence
7956,silence
7957,silence
7958,silence
7959,silence
7960,silence
7961,silence
7962,silence
7963,silence
7964,silence
7965,silence
7966,silence
7967,silence
7968,silence
7969,silence
7970,silence
7971,silence
7972,silence
7973,silence
7974,silence
7975,silence
7976,silence
7977,silence
7978,silence
7979,silence
7980,silence
7981,silence
7982,silence
7983,silence
7984,silence
7985,silence
7986,silence
7987,silence
7988,silence
7989,silence
7990,silence
7991,silence
7992,silence
7993,silence
7994,silence
7995,silence
7996,silence
7997,silence
7998,silence
7999,silence
8000,silence
8001,silence
8002,silence
8003,silence
8004,silence
8005,silence
8006,silence
8007,silence
8008,silence
8009,silence
8010,silence
8011,silence
8012,silence
8013,silence
8014,silence
8015,silence
8016,silence
8017,silence
8018,silence
8019,silence
8020,silence
8021,silence
8022,silence
8023,silence
8024,silence
8025,silence
8026,silence
8027,silence
8028,silence
8029,silence
8030,silence
8031,silence
8032,silence
8033,silence
8034,silence
8035,silence
8036,silence
8037,silence
8038,silence
8039,silence
8040,silence
8041,silence
8042,silence
8043,silence
8044,silence
8045,silence
8046,silence
8047,silence
8048,silence
8049,silence
8050,silence
8051,silence
8052,silence
8053,silence
8054,silence
8055,silence
8056,silence
8057,silence
8058,silence
8059,silence
8060,silence
8061,silence
8062,silence
8063,silence
8064,silence
8065,silence
8066,silence
8067,silence
8068,silence
8069,silence
8070,silence
8071,silence
8072,silence
8073,silence
8074,silence
8075,silence
8076,silence
8077,silence
8078,silence
8079,silence
8080,silence
8081,silence
8082,silence
8083,silence
8084,silence
8085,silence
8086,silence
8087,silence
8088,silence
8089,silence
8090,silence
8091,silence
8092,silence
8093,silence
8094,silence
8095,silence
8096,silence
8097,silence
8098,silence
8099,silence
8100,silence
8101,silence
8102,silence
8103,silence
8104,silence
8105,silence
8106,silence
8107,silence
8108,silence
8109,silence
8110,silence
8111,silence
8112,silence
8113,silence
8114,silence
8115,silence
8116,silence
8117,silence
8118,silence
8119,silence
8120,silence
8121,silence
8122,silence
8123,silence
8124,silence
8125,silence
8126,silence
8127,silence
8128,silence
8129,silence
8130,silence
8131,silence
8132,silence
8133,silence
8134,silence
8135,silence
8136,silence
8137,silence
8138,silence
8139,silence
8140,silence
8141,silence
8142,silence
8143,silence
8144,silence
8145,silence
8146,silence
8147,silence
8148,silence
8149,silence
8150,silence
8151,silence
8152,silence
8153,silence
8154,silence
8155,silence
8156,silence
8157,silence
8158,silence
8159,silence
8160,silence
8161,silence
8162,silence
8163,silence
8164,silence
8165,silence
8166,silence
8167,silence
8168,silence
8169,silence
8170,silence
8171,silence
8172,silence
8173,silence
8174,silence
8175,silence
8176,silence
8177,silence
8178,silence
8179,silence
8180,silence
8181,silence
8182,silence
8183,silence
8184,silence
8185,silence
8186,silence
8187,silence
8188,silence
8189,silence
8190,silence
8191,silence
8192,silence
8193,silence
8194,silence
8195,silence
8196,silence
8197,silence
8198,silence
8199,silence
8200,silence
8201,silence
8202,silence
8203,silence
8204,silence
8205,silence
8206,silence
8207,silence
8208,silence
8209,silence
8210,silence
8211,silence
8212,silence
8213,silence
8214,silence
8215,silence
8216,silence
8217,silence
8218,silence
8219,silence
8220,silence
8221,silence
8222,silence
8223,silence
8224,silence
8225,silence
8226,silence
8227,silence
8228,silence
8229,silence
8230,silence
8231,silence
8232,silence
8233,silence
8234,silence
8235,silence
8236,silence
8237,silence
8238,silence
8239,silence
8240,silence
8241,silence
8242,silence
8243,silence
8244,silence
8245,silence
8246,silence
8247,silence
8248,silence
8249,silence
8250,silence
8251,silence
8252,silence
8253,silence
8254,silence
8255,silence
8256,silence
8257,silence
8258,silence
8259,silence
8260,silence
8261,silence
8262,silence
8263,silence
8264,silence
8265,silence
8266,silence
8267,silence
8268,silence
8269,silence
8270,silence
8271,silence
8272,silence
8273,silence
8274,silence
8275,silence
8276,silence
8277,silence
8278,silence
8279,silence
8280,silence
8281,silence
8282,silence
8283,silence
8284,silence
8285,silence
8286,silence
8287,silence
8288,silence
8289,silence
8290,silence
8291,silence
8292,silence
8293,silence
8294,silence
8295,silence
8296,silence
8297,silence
8298,silence
8299,silence
8300,silence
8301,silence
8302,silence
8303,silence
8304,silence
8305,silence
8306,silence
8307,silence
8308,silence
8309,silence
8310,silence
8311,silence
8312,silence
8313,silence
8314,silence
8315,silence
8316,silence
8317,silence
8318,silence
8319,silence
8320,silence
8321,silence
8322,silence
8323,silence
8324,silence
8325,silence
8326,silence
8327,silence
8328,silence
8329,silence
8330,silence
8331,silence
8332,silence
8333,silence
8334,silence
8335,silence
8336,silence
8337,silence
8338,silence
8339,silence
8340,silence
8341,silence
8342,silence
8343,silence
8344,silence
8345,silence
8346,silence
8347,silence
8348,silence
8349,silence
8350,silence
8351,silence
8352,silence
8353,silence
8354,silence
8355,silence
8356,silence
8357,silence
8358,silence
8359,silence
8360,silence
8361,silence
8362,silence
8363,silence
8364,silence
8365,silence
8366,silence
8367,silence
8368,silence
8369,silence
8370,silence
8371,silence
8372,silence
8373,silence
8374,silence
8375,silence
8376,silence
8377,silence
8378,silence
8379,silence
8380,silence
8381,silence
8382,silence
8383,silence
8384,silence
8385,silence
8386,silence
8387,silence
8388,silence
8389,silence
8390,silence
8391,silence
8392,silence
8393,silence
8394,silence
8395,silence
8396,silence
8397,silence
8398,silence
8399,silence
8400,silence
8401,silence
8402,silence
8403,silence
8404,silence
8405,silence
8406,silence
8407,silence
8408,silence
8409,silence
8410,silence
8411,silence
8412,silence
8413,silence
8414,silence
8415,silence
8416,silence
8417,silence
8418,silence
8419,silence
8420,silence
8421,silence
8422,silence
8423,silence
8424,silence
8425,silence
8426,silence
8427,silence
8428,silence
8429,silence
8430,silence
8431,silence
8432,silence
8433,silence
8434,silence
8435,silence
8436,silence
8437,silence
8438,silence
8439,silence
8440,silence
8441,silence
8442,silence
8443,silence
8444,silence
8445,silence
8446,silence
8447,silence
8448,silence
8449,silence
8450,silence
8451,silence
8452,silence
8453,silence
8454,silence
8455,silence
8456,silence
8457,silence
8458,silence
8459,silence
8460,silence
8461,silence
8462,silence
8463,silence
8464,silence
8465,silence
8466,silence
8467,silence
8468,silence
8469,silence
8470,silence
8471,silence
8472,silence
8473,silence
8474,silence
8475,silence
8476,silence
8477,silence
8478,silence
8479,silence
8480,silence
8481,silence
8482,silence
8483,silence
8484,silence
8485,silence
8486,silence
8487,silence
8488,silence
8489,silence
8490,silence
8491,silence
8492,silence
8493,silence
8494,silence
8495,silence
8496,silence
8497,silence
8498,silence
8499,silence
8500,silence
8501,silence
8502,silence
8503,silence
8504,silence
8505,silence
8506,silence
8507,silence
8508,silence
8509,silence
8510,silence
8511,silence
8512,silence
8513,silence
8514,silence
8515,silence
8516,silence
8517,silence
8518,silence
8519,silence
8520,silence
8521,silence
8522,silence
8523,silence
8524,silence
8525,silence
8526,silence
8527,silence
8528,silence
8529,silence
8530,silence
8531,silence
8532,silence
8533,silence
8534,silence
8535,silence
8536,silence
8537,silence
8538,silence
8539,silence
8540,silence
8541,silence
8542,silence
8543,silence
8544,silence
8545,silence
8546,silence
8547,silence
8548,silence
8549,silence
8550,silence
8551,silence
8552,silence
8553,silence
8554,silence
8555,silence
8556,silence
8557,silence
8558,silence
8559,silence
8560,silence
8561,silence
8562,silence
8563,silence
8564,silence
8565,silence
8566,silence
8567,silence
8568,silence
8569,silence
8570,silence
8571,silence
8572,silence
8573,silence
8574,silence
8575,silence
8576,silence
8577,silence
8578,silence
8579,silence
8580,silence
8581,silence
8582,silence
8583,silence
8584,silence
8585,silence
8586,silence
8587,silence
8588,silence
8589,silence
8590,silence
8591,silence
8592,silence
8593,silence
8594,silence
8595,silence
8596,silence
8597,silence
8598,silence
8599,silence
8600,silence
8601,silence
8602,silence
8603,silence
8604,silence
8605,silence
8606,silence
8607,silence
8608,silence
8609,silence
8610,silence
8611,silence
8612,silence
8613,silence
8614,silence
8615,silence
8616,silence
8617,silence
8618,silence
8619,silence
8620,silence
8621,silence
8622,silence
8623,silence
8624,silence
8625,silence
8626,silence
8627,silence
8628,silence
8629,silence
8630,silence
8631,silence
8632,silence
8633,silence
8634,silence
8635,silence
8636,silence
8637,silence
8638,silence
8639,silence
8640,silence
8641,silence
8642,silence
8643,silence
8644,silence
8645,silence
8646,silence
8647,silence
8648,silence
8649,silence
8650,silence
8651,silence
8652,silence
8653,silence
8654,silence
8655,silence
8656,silence
8657,silence
8658,silence
8659,silence
8660,silence
8661,silence
8662,silence
8663,silence
8664,silence
8665,silence
8666,silence
8667,silence
8668,silence
8669,silence
8670,silence
8671,silence
8672,silence
8673,silence
8674,silence
8675,silence
8676,silence
8677,silence
8678,silence
8679,silence
8680,silence
8681,silence
8682,silence
8683,silence
8684,silence
8685,silence
8686,silence
8687,silence
8688,silence
8689,silence
8690,silence
8691,silence
8692,silence
8693,silence
8694,silence
8695,silence
8696,silence
8697,silence
8698,silence
8699,silence
8700,silence
8701,silence
8702,silence
8703,silence
8704,silence
8705,silence
8706,silence
8707,silence
8708,silence
8709,silence
8710,silence
8711,silence
8712,silence
8713,silence
8714,silence
8715,silence
8716,silence
8717,silence
8718,silence
8719,silence
8720,silence
8721,silence
8722,silence
8723,silence
8724,silence
8725,silence
8726,silence
8727,silence
8728,silence
8729,silence
8730,silence
8731,silence
8732,silence
8733,silence
8734,silence
8735,silence
8736,silence
8737,silence
8738,silence
8739,silence
8740,silence
8741,silence
8742,silence
8743,silence
8744,silence
8745,silence
8746,silence
8747,silence
8748,silence
8749,silence
8750,silence
8751,silence
8752,silence
8753,silence
8754,silence
8755,silence
8756,silence
8757,silence
8758,silence
8759,silence
8760,silence
8761,silence
8762,silence
8763,silence
8764,silence
8765,silence
8766,silence
8767,silence
8768,silence
8769,silence
8770,silence
8771,silence
8772,silence
8773,silence
8774,silence
8775,silence
8776,silence
8777,silence
8778,silence
8779,silence
8780,silence
8781,silence
8782,silence
8783,silence
8784,silence
8785,silence
8786,silence
8787,silence
8788,silence
8789,silence
8790,silence
8791,silence
8792,silence
8793,silence
8794,silence
8795,silence
8796,silence
8797,silence
8798,silence
8799,silence
8800,silence
8801,silence
8802,silence
8803,silence
8804,silence
8805,silence
8806,silence
8807,silence
8808,silence
8809,silence
8810,silence
8811,silence
8812,silence
8813,silence
8814,silence
8815,silence
8816,silence
8817,silence
8818,silence
8819,silence
8820,silence
8821,silence
8822,silence
8823,silence
8824,silence
8825,silence
8826,silence
8827,silence
8828,silence
8829,silence
8830,silence
8831,silence
8832,silence
8833,silence
8834,silence
8835,silence
8836,silence
8837,silence
8838,silence
8839,silence
8840,silence
8841,silence
8842,silence
8843,silence
8844,silence
8845,silence
8846,silence
8847,silence
8848,silence
8849,silence
8850,silence
8851,silence
8852,silence
8853,silence
8854,silence
8855,silence
8856,silence
8857,silence
8858,silence
8859,silence
8860,silence
8861,silence
8862,silence
8863,silence
8864,silence
8865,silence
8866,silence
8867,silence
8868,silence
8869,silence
8870,silence
8871,silence
8872,silence
8873,silence
8874,silence
8875,silence
8876,silence
8877,silence
8878,silence
8879,silence
8880,silence
8881,silence
8882,silence
8883,silence
8884,silence
8885,silence
8886,silence
8887,silence
8888,silence
8889,silence
8890,silence
8891,silence
8892,silence
8893,silence
8894,silence
8895,silence
8896,silence
8897,silence
8898,silence
8899,silence
8900,silence
8901,silence
8902,silence
8903,silence
8904,silence
8905,silence
8906,silence
8907,silence
8908,silence
8909,silence
8910,silence
8911,silence
8912,silence
8913,silence
8914,silence
8915,silence
8916,silence
8917,silence
8918,silence
8919,silence
8920,silence
8921,silence
8922,silence
8923,silence
8924,silence
8925,silence
8926,silence
8927,silence
8928,silence
8929,silence
8930,silence
8931,silence
8932,silence
8933,silence
8934,silence
8935,silence
8936,silence
8937,silence
8938,silence
8939,silence
8940,silence
8941,silence
8942,silence
8943,silence
8944,silence
8945,silence
8946,silence
8947,silence
8948,silence
8949,silence
8950,silence
8951,silence
8952,silence
8953,silence
8954,silence
8955,silence
8956,silence
8957,silence
8958,silence
8959,silence
8960,silence
8961,silence
8962,silence
8963,silence
8964,silence
8965,silence
8966,silence
8967,silence
8968,silence
8969,silence
8970,silence
8971,silence
8972,silence
8973,silence
8974,silence
8975,silence
8976,silence
8977,silence
8978,silence
8979,silence
8980,silence
8981,silence
8982,silence
8983,silence
8984,silence
8985,silence
8986,silence
8987,silence
8988,silence
8989,silence
8990,silence
8991,silence
8992,silence
8993,silence
8994,silence
8995,silence
8996,silence
8997,silence
8998,silence
8999,silence
9000,silence
9001,silence
9002,silence
9003,silence
9004,silence
9005,silence
9006,silence
9007,silence
9008,silence
9009,silence
9010,silence
9011,silence
9012,silence
9013,silence
9014,silence
9015,silence
9016,silence
9017,silence
9018,silence
9019,silence
9020,silence
9021,silence
9022,silence
9023,silence
9024,silence
9025,silence
9026,silence
9027,silence
9028,silence
9029,silence
9030,silence
9031,silence
9032,silence
9033,silence
9034,silence
9035,silence
9036,silence
9037,silence
9038,silence
9039,silence
9040,silence
9041,silence
9042,silence
9043,silence
9044,silence
9045,silence
9046,silence
9047,silence
9048,silence
9049,silence
9050,silence
9051,silence
9052,silence
9053,silence
9054,silence
9055,silence
9056,silence
9057,silence
9058,silence
9059,silence
9060,silence
9061,silence
9062,silence
9063,silence
9064,silence
9065,silence
9066,silence
9067,silence
9068,silence
9069,silence
9070,silence
9071,silence
9072,silence
9073,silence
9074,silence
9075,silence
9076,silence
9077,silence
9078,silence
9079,silence
9080,silence
9081,silence
9082,silence
9083,silence
9084,silence
9085,silence
9086,silence
9087,silence
9088,silence
9089,silence
9090,silence
9091,silence
9092,silence
9093,silence
9094,silence
9095,silence
9096,silence
9097,silence
9098,silence
9099,silence
9100,silence
9101,silence
9102,silence
9103,silence
9104,silence
9105,silence
9106,silence
9107,silence
9108,silence
9109,silence
9110,silence
9111,silence
9112,silence
9113,silence
9114,silence
9115,silence
9116,silence
9117,silence
9118,silence
9119,silence
9120,silence
9121,silence
9122,silence
9123,silence
9124,silence
9125,silence
9126,silence
9127,silence
9128,silence
9129,silence
9130,silence
9131,silence
9132,silence
9133,silence
9134,silence
9135,silence
9136,silence
9137,silence
9138,silence
9139,silence
9140,silence
9141,silence
9142,silence
9143,silence
9144,silence
9145,silence
9146,silence
9147,silence
9148,silence
9149,silence
9150,silence
9151,silence
9152,silence
9153,silence
9154,silence
9155,silence
9156,silence
9157,silence
9158,silence
9159,silence
9160,silence
9161,silence
9162,silence
9163,silence
9164,silence
9165,silence
9166,silence
9167,silence
9168,silence
9169,silence
9170,silence
9171,silence
9172,silence
9173,silence
9174,silence
9175,silence
9176,silence
9177,silence
9178,silence
9179,silence
9180,silence
9181,silence
9182,silence
9183,silence
9184,silence
9185,silence
9186,silence
9187,silence
9188,silence
9189,silence
9190,silence
9191,silence
9192,silence
9193,silence
9194,silence
9195,silence
9196,silence
9197,silence
9198,silence
9199,silence
9200,silence
9201,silence
9202,silence
9203,silence
9204,silence
9205,silence
9206,silence
9207,silence
9208,silence
9209,silence
9210,silence
9211,silence
9212,silence
9213,silence
9214,silence
9215,silence
9216,silence
9217,silence
9218,silence
9219,silence
9220,silence
9221,silence
9222,silence
9223,silence
9224,silence
9225,silence
9226,silence
9227,silence
9228,silence
9229,silence
9230,silence
9231,silence
9232,silence
9233,silence
9234,silence
9235,silence
9236,silence
9237,silence
9238,silence
9239,silence
9240,silence
9241,silence
9242,silence
9243,silence
9244,silence
9245,silence
9246,silence
9247,silence
9248,silence
9249,silence
9250,silence
9251,silence
9252,silence
9253,silence
9254,silence
9255,silence
9256,silence
9257,silence
9258,silence
9259,silence
9260,silence
9261,silence
9262,silence
9263,silence
9264,silence
9265,silence
9266,silence
9267,silence
9268,silence
9269,silence
9270,silence
9271,silence
9272,silence
9273,silence
9274,silence
9275,silence
9276,silence
9277,silence
9278,silence
9279,silence
9280,silence
9281,silence
9282,silence
9283,silence
9284,silence
9285,silence
9286,silence
9287,silence
9288,silence
9289,silence
9290,silence
9291,silence
9292,silence
9293,silence
9294,silence
9295,silence
9296,silence
9297,silence
9298,silence
9299,silence
9300,silence
9301,silence
9302,silence
9303,silence
9304,silence
9305,silence
9306,silence
9307,silence
9308,silence
9309,silence
9310,silence
9311,silence
9312,silence
9313,silence
9314,silence
9315,silence
9316,silence
9317,silence
9318,silence
9319,silence
9320,silence
9321,silence
9322,silence
9323,silence
9324,silence
9325,silence
9326,silence
9327,silence
9328,silence
9329,silence
9330,silence
9331,silence
9332,silence
9333,silence
9334,silence
9335,silence
9336,silence
9337,silence
9338,silence
9339,silence
9340,silence
9341,silence
9342,silence
9343,silence
9344,silence
9345,silence
9346,silence
9347,silence
9348,silence
9349,silence
9350,silence
9351,silence
9352,silence
9353,silence
9354,silence
9355,silence
9356,silence
9357,silence
9358,silence
9359,silence
9360,silence
9361,silence
9362,silence
9363,silence
9364,silence
9365,silence
9366,silence
9367,silence
9368,silence
9369,silence
9370,silence
9371,silence
9372,silence
9373,silence
9374,silence
9375,silence
9376,silence
9377,silence
9378,silence
9379,silence
9380,silence
9381,silence
9382,silence
9383,silence
9384,silence
9385,silence
9386,silence
9387,silence
9388,silence
9389,silence
9390,silence
9391,silence
9392,silence
9393,silence
9394,silence
9395,silence
9396,silence
9397,silence
9398,silence
9399,silence
9400,silence
9401,silence
9402,silence
9403,silence
9404,silence
9405,silence
9406,silence
9407,silence
9408,silence
9409,silence
9410,silence
9411,silence
9412,silence
9413,silence
9414,silence
9415,silence
9416,silence
9417,silence
9418,silence
9419,silence
9420,silence
9421,silence
9422,silence
9423,silence
9424,silence
9425,silence
9426,silence
9427,silence
9428,silence
9429,silence
9430,silence
9431,silence
9432,silence
9433,silence
9434,silence
9435,silence
9436,silence
9437,silence
9438,silence
9439,silence
9440,silence
9441,silence
9442,silence
9443,silence
9444,silence
9445,silence
9446,silence
9447,silence
9448,silence
9449,silence
9450,silence
9451,silence
9452,silence
9453,silence
9454,silence
9455,silence
9456,silence
9457,silence
9458,silence
9459,silence
9460,silence
9461,silence
9462,silence
9463,silence
9464,silence
9465,silence
9466,silence
9467,silence
9468,silence
9469,silence
9470,silence
9471,silence
9472,silence
9473,silence
9474,silence
9475,silence
9476,silence
9477,silence
9478,silence
9479,silence
9480,silence
9481,silence
9482,silence
9483,silence
9484,silence
9485,silence
9486,silence
9487,silence
9488,silence
9489,silence
9490,silence
9491,silence
9492,silence
9493,silence
9494,silence
9495,silence
9496,silence
9497,silence
9498,silence
9499,silence
9500,silence
9501,silence
9502,silence
9503,silence
9504,silence
9505,silence
9506,silence
9507,silence
9508,silence
9509,silence
9510,silence
9511,silence
9512,silence
9513,silence
9514,silence
9515,silence
9516,silence
9517,silence
9518,silence
9519,silence
9520,silence
9521,silence
9522,silence
9523,silence
9524,silence
9525,silence
9526,silence
9527,silence
9528,silence
9529,silence
9530,silence
9531,silence
9532,silence
9533,silence
9534,silence
9535,silence
9536,silence
9537,silence
9538,silence
9539,silence
9540,silence
9541,silence
9542,silence
9543,silence
9544,silence
9545,silence
9546,silence
9547,silence
9548,silence
9549,silence
9550,silence
9551,silence
9552,silence
9553,silence
9554,silence
9555,silence
9556,silence
9557,silence
9558,silence
9559,silence
9560,silence
9561,silence
9562,silence
9563,silence
9564,silence
9565,silence
9566,silence
9567,silence
9568,silence
9569,silence
9570,silence
9571,silence
9572,silence
9573,silence
9574,silence
9575,silence
9576,silence
9577,silence
9578,silence
9579,silence
9580,silence
9581,silence
9582,silence
9583,silence
9584,silence
9585,silence
9586,silence
9587,silence
9588,silence
9589,silence
9590,silence
9591,silence
9592,silence
9593,silence
9594,silence
9595,silence
9596,silence
9597,silence
9598,silence
9599,silence
9600,silence
9601,silence
9602,silence
9603,silence
9604,silence
9605,silence
9606,silence
9607,silence
9608,silence
9609,silence
9610,silence
9611,silence
9612,silence
9613,silence
9614,silence
9615,silence
9616,silence
9617,silence
9618,silence
9619,silence
9620,silence
9621,silence
9622,silence
9623,silence
9624,silence
9625,silence
9626,silence
9627,silence
9628,silence
9629,silence
9630,silence
9631,silence
9632,silence
9633,silence
9634,silence
9635,silence
9636,silence
9637,silence
9638,silence
9639,silence
9640,silence
9641,silence
9642,silence
9643,silence
9644,silence
9645,silence
9646,silence
9647,silence
9648,silence
9649,silence
9650,silence
9651,silence
9652,silence
9653,silence
9654,silence
9655,silence
9656,silence
9657,silence
9658,silence
9659,silence
9660,silence
9661,silence
9662,silence
9663,silence
9664,silence
9665,silence
9666,silence
9667,silence
9668,silence
9669,silence
9670,silence
9671,silence
9672,silence
9673,silence
9674,silence
9675,silence
9676,silence
9677,silence
9678,silence
9679,silence
9680,silence
9681,silence
9682,silence
9683,silence
9684,silence
9685,silence
9686,silence
9687,silence
9688,silence
9689,silence
9690,silence
9691,silence
9692,silence
9693,silence
9694,silence
9695,silence
9696,silence
9697,silence
9698,silence
9699,silence
9700,silence
9701,silence
9702,silence
9703,silence
9704,silence
9705,silence
9706,silence
9707,silence
9708,silence
9709,silence
9710,silence
9711,silence
9712,silence
9713,silence
9714,silence
9715,silence
9716,silence
9717,silence
9718,silence
9719,silence
9720,silence
9721,silence
9722,silence
9723,silence
9724,silence
9725,silence
9726,silence
9727,silence
9728,silence
9729,silence
9730,silence
9731,silence
9732,silence
9733,silence
9734,silence
9735,silence
9736,silence
9737,silence
9738,silence
9739,silence
9740,silence
9741,silence
9742,silence
9743,silence
9744,silence
9745,silence
9746,silence
9747,silence
9748,silence
9749,silence
9750,silence
9751,silence
9752,silence
9753,silence
9754,silence
9755,silence
9756,silence
9757,silence
9758,silence
9759,silence
9760,silence
9761,silence
9762,silence
9763,silence
9764,silence
9765,silence
9766,silence
9767,silence
9768,silence
9769,silence
9770,silence
9771,silence
9772,silence
9773,silence
9774,silence
9775,silence
9776,silence
9777,silence
9778,silence
9779,silence
9780,silence
9781,silence
9782,silence
9783,silence
9784,silence
9785,silence
9786,silence
9787,silence
9788,silence
9789,silence
9790,silence
9791,silence
9792,silence
9793,silence
9794,silence
9795,silence
9796,silence
9797,silence
9798,silence
9799,silence
9800,silence
9801,silence
9802,silence
9803,silence
9804,silence
9805,silence
9806,silence
9807,silence
9808,silence
9809,silence
9810,silence
9811,silence
9812,silence
9813,silence
9814,silence
9815,silence
9816,silence
9817,silence
9818,silence
9819,silence
9820,silence
9821,silence
9822,silence
9823,silence
9824,silence
9825,silence
9826,silence
9827,silence
9828,silence
9829,silence
9830,silence
9831,silence
9832,silence
9833,silence
9834,silence
9835,silence
9836,silence
9837,silence
9838,silence
9839,silence
9840,silence
9841,silence
9842,silence
9843,silence
9844,silence
9845,silence
9846,silence
9847,silence
9848,silence
9849,silence
9850,silence
9851,silence
9852,silence
9853,silence
9854,silence
9855,silence
9856,silence
9857,silence
9858,silence
9859,silence
9860,silence
9861,silence
9862,silence
9863,silence
9864,silence
9865,silence
9866,silence
9867,silence
9868,silence
9869,silence
9870,silence
9871,silence
9872,silence
9873,silence
9874,silence
9875,silence
9876,silence
9877,silence
9878,silence
9879,silence
9880,silence
9881,silence
9882,silence
9883,silence
9884,silence
9885,silence
9886,silence
9887,silence
9888,silence
9889,silence
9890,silence
9891,silence
9892,silence
9893,silence
9894,silence
9895,silence
9896,silence
9897,silence
9898,silence
9899,silence
9900,silence
9901,silence
9902,silence
9903,silence
9904,silence
9905,silence
9906,silence
9907,silence
9908,silence
9909,silence
9910,silence
9911,silence
9912,silence
9913,silence
9914,silence
9915,silence
9916,silence
9917,silence
9918,silence
9919,silence
9920,silence
9921,silence
9922,silence
9923,silence
9924,silence
9925,silence
9926,silence
9927,silence
9928,silence
9929,silence
9930,silence
9931,silence
9932,silence
9933,silence
9934,silence
9935,silence
9936,silence
9937,silence
9938,silence
9939,silence
9940,silence
9941,silence
9942,silence
9943,silence
9944,silence
9945,silence
9946,silence
9947,silence
9948,silence
9949,silence
9950,silence
9951,silence
9952,silence
9953,silence
9954,silence
9955,silence
9956,silence
9957,silence
9958,silence
9959,silence
9960,silence
9961,silence
9962,silence
9963,silence
9964,silence
9965,silence
9966,silence
9967,silence
9968,silence
9969,silence
9970,silence
9971,silence
9972,silence
9973,silence
9974,silence
9975,silence
9976,silence
9977,silence
9978,silence
9979,silence
9980,silence
9981,silence
9982,silence
9983,silence
9984,silence
9985,silence
9986,silence
9987,silence
9988,silence
9989,silence
9990,silence
9991,silence
9992,silence
9993,silence
9994,silence
9995,silence
9996,silence
9997,silence
9998,silence
9999,silence
10000,silence
10001,silence
10002,silence
10003,silence
10004,silence
10005,silence
10006,silence
10007,silence
10008,silence
10009,silence
10010,silence
10011,silence
10012,silence
10013,silence
10014,silence
10015,silence
10016,silence
10017,silence
10018,silence
10019,silence
10020,silence
10021,silence
10022,silence
10023,silence
10024,silence
10025,silence
10026,silence
10027,silence
10028,silence
10029,silence
10030,silence
10031,silence
10032,silence
10033,silence
10034,silence
10035,silence
10036,silence
10037,silence
10038,silence
10039,silence
10040,silence
10041,silence
10042,silence
10043,silence
10044,silence
10045,silence
10046,silence
10047,silence
10048,silence
10049,silence
10050,silence
10051,silence
10052,silence
10053,silence
10054,silence
10055,silence
10056,silence
10057,silence
10058,silence
10059,silence
10060,silence
10061,silence
10062,silence
10063,silence
10064,silence
10065,silence
10066,silence
10067,silence
10068,silence
10069,silence
10070,silence
10071,silence
10072,silence
10073,silence
10074,silence
10075,silence
10076,silence
10077,silence
10078,silence
10079,silence
10080,silence
10081,silence
10082,silence
10083,silence
10084,silence
10085,silence
10086,silence
10087,silence
10088,silence
10089,silence
10090,silence
10091,silence
10092,silence
10093,silence
10094,silence
10095,silence
10096,silence
10097,silence
10098,silence
10099,silence
10100,silence
10101,silence
10102,silence
10103,silence
10104,silence
10105,silence
10106,silence
10107,silence
10108,silence
10109,silence
10110,silence
10111,silence
10112,silence
10113,silence
10114,silence
10115,silence
10116,silence
10117,silence
10118,silence
10119,silence
10120,silence
10121,silence
10122,silence
10123,silence
10124,silence
10125,silence
10126,silence
10127,silence
10128,silence
10129,silence
10130,silence
10131,silence
10132,silence
10133,silence
10134,silence
10135,silence
10136,silence
10137,silence
10138,silence
10139,silence
10140,silence
10141,silence
10142,silence
10143,silence
10144,silence
10145,silence
10146,silence
10147,silence
10148,silence
10149,silence
10150,silence
10151,silence
10152,silence
10153,silence
10154,silence
10155,silence
10156,silence
10157,silence
10158,silence
10159,silence
10160,silence
10161,silence
10162,silence
10163,silence
10164,silence
10165,silence
10166,silence
10167,silence
10168,silence
10169,silence
10170,silence
10171,silence
10172,silence
10173,silence
10174,silence
10175,silence
10176,silence
10177,silence
10178,silence
10179,silence
10180,silence
10181,silence
10182,silence
10183,silence
10184,silence
10185,silence
10186,silence
10187,silence
10188,silence
10189,silence
10190,silence
10191,silence
10192,silence
10193,silence
10194,silence
10195,silence
10196,silence
10197,silence
10198,silence
10199,silence
10200,silence
10201,silence
10202,silence
10203,silence
10204,silence
10205,silence
10206,silence
10207,silence
10208,silence
10209,silence
10210,silence
10211,silence
10212,silence
10213,silence
10214,silence
10215,silence
10216,silence
10217,silence
10218,silence
10219,silence
10220,silence
10221,silence
10222,silence
10223,silence
10224,silence
10225,silence
10226,silence
10227,silence
10228,silence
10229,silence
10230,silence
10231,silence
10232,silence
10233,silence
10234,silence
10235,silence
10236,silence
10237,silence
10238,silence
10239,silence
10240,silence
10241,silence
10242,silence
10243,silence
10244,silence
10245,silence
10246,silence
10247,silence
10248,silence
10249,silence
10250,silence
10251,silence
10252,silence
10253,silence
10254,silence
10255,silence
10256,silence
10257,silence
10258,silence
10259,silence
10260,silence
10261,silence
10262,silence
10263,silence
10264,silence
10265,silence
10266,silence
10267,silence
10268,silence
10269,silence
10270,silence
10271,silence
10272,silence
10273,silence
10274,silence
10275,silence
10276,silence
10277,silence
10278,silence
10279,silence
10280,silence
10281,silence
10282,silence
10283,silence
10284,silence
10285,silence
10286,silence
10287,silence
10288,silence
10289,silence
10290,silence
10291,silence
10292,silence
10293,silence
10294,silence
10295,silence
10296,silence
10297,silence
10298,silence
10299,silence
10300,silence
10301,silence
10302,silence
10303,silence
10304,silence
10305,silence
10306,silence
10307,silence
10308,silence
10309,silence
10310,silence
10311,silence
10312,silence
10313,silence
10314,silence
10315,silence
10316,silence
10317,silence
10318,silence
10319,silence
10320,silence
10321,silence
10322,silence
10323,silence
10324,silence
10325,silence
10326,silence
10327,silence
10328,silence
10329,silence
10330,silence
10331,silence
10332,silence
10333,silence
10334,silence
10335,silence
10336,silence
10337,silence
10338,silence
10339,silence
10340,silence
10341,silence
10342,silence
10343,silence
10344,silence
10345,silence
10346,silence
10347,silence
10348,silence
10349,silence
10350,silence
10351,silence
10352,silence
10353,silence
10354,silence
10355,silence
10356,silence
10357,silence
10358,silence
10359,silence
10360,silence
10361,silence
10362,silence
10363,silence
10364,silence
10365,silence
10366,silence
10367,silence
10368,silence
10369,silence
10370,silence
10371,silence
10372,silence
10373,silence
10374,silence
10375,silence
10376,silence
10377,silence
10378,silence
10379,silence
10380,silence
10381,silence
10382,silence
10383,silence
10384,silence
10385,silence
10386,silence
10387,silence
10388,silence
10389,silence
10390,silence
10391,silence
10392,silence
10393,silence
10394,silence
10395,silence
10396,silence
10397,silence
10398,silence
10399,silence
10400,silence
10401,silence
10402,silence
10403,silence
10404,silence
10405,silence
10406,silence
10407,silence
10408,silence
10409,silence
10410,silence
10411,silence
10412,silence
10413,silence
10414,silence
10415,silence
10416,silence
10417,silence
10418,silence
10419,silence
10420,silence
10421,silence
10422,silence
10423,silence
10424,silence
10425,silence
10426,silence
10427,silence
10428,silence
10429,silence
10430,silence
10431,silence
10432,silence
10433,silence
10434,silence
10435,silence
10436,silence
10437,silence
10438,silence
10439,silence
10440,silence
10441,silence
10442,silence
10443,silence
10444,silence
10445,silence
10446,silence
10447,silence
10448,silence
10449,silence
10450,silence
10451,silence
10452,silence
10453,silence
10454,silence
10455,silence
10456,silence
10457,silence
10458,silence
10459,silence
10460,silence
10461,silence
10462,silence
10463,silence
10464,silence
10465,silence
10466,silence
10467,silence
10468,silence
10469,silence
10470,silence
10471,silence
10472,silence
10473,silence
10474,silence
10475,silence
10476,silence
10477,silence
10478,silence
10479,silence
10480,silence
10481,silence
10482,silence
10483,silence
10484,silence
10485,silence
10486,silence
10487,silence
10488,silence
10489,silence
10490,silence
10491,silence
10492,silence
10493,silence
10494,silence
10495,silence
10496,silence
10497,silence
10498,silence
10499,silence
10500,silence
